gfsedbdaggfsedbdfsegfsedbdaggfsedbdfse