0.0,0.4166870028063254,0.7500265145166125,0.750013780254843,0.750013780254843,0.5833750516057243,0.4166870028063254,0.249986219745157,0.499972439490314,0.249986219745157,0.0,0.4166870028063254,0.7500265145166125,0.750013780254843,0.833317511541134,0.3333578063125895,0.4166870028063254,0.499972439490314,0.249986219745157,0.0,0.4166870028063254,0.7500265145166125,0.750013780254843,0.750013780254843,0.5833750516057243,0.4166870028063254,0.249986219745157,0.499972439490314,0.249986219745157,0.0,0.4166870028063254,0.7500265145166125,0.750013780254843,0.833317511541134,0.3333578063125895,0.4166870028063254,0.499972439490314
0.4166870028063254,0.0,0.3333395117102871,0.49997824035940575,0.49997824035940575,0.3333395117102871,0.33340156612233685,0.16670078306116842,0.4166870028063254,0.6666732225514824,0.4166870028063254,0.0,0.3333395117102871,0.49997824035940575,0.7499954856525406,0.41664324299657807,0.33340156612233685,0.4166870028063254,0.6666732225514824,0.4166870028063254,0.0,0.3333395117102871,0.49997824035940575,0.49997824035940575,0.3333395117102871,0.33340156612233685,0.16670078306116842,0.4166870028063254,0.6666732225514824,0.4166870028063254,0.0,0.3333395117102871,0.49997824035940575,0.7499954856525406,0.41664324299657807,0.33340156612233685,0.4166870028063254
0.7500265145166125,0.3333395117102871,0.0,0.16663872864911866,0.16663872864911866,0.3332774572982373,0.3333395117102871,0.5000402947714555,0.5833750516057243,0.8333612713508813,0.7500265145166125,0.3333395117102871,0.0,0.16663872864911866,0.4166559739422535,0.5832947025913722,0.3333395117102871,0.5833750516057243,0.8333612713508813,0.7500265145166125,0.3333395117102871,0.0,0.16663872864911866,0.16663872864911866,0.3332774572982373,0.3333395117102871,0.5000402947714555,0.5833750516057243,0.8333612713508813,0.7500265145166125,0.3333395117102871,0.0,0.16663872864911866,0.4166559739422535,0.5832947025913722,0.3333395117102871,0.5833750516057243
0.750013780254843,0.49997824035940575,0.16663872864911866,0.0,0.0,0.16663872864911866,0.49997824035940575,0.6666790234205742,0.750013780254843,0.8333485370891118,0.750013780254843,0.49997824035940575,0.16663872864911866,0.0,0.25001724529313485,0.4166559739422535,0.49997824035940575,0.750013780254843,0.8333485370891118,0.750013780254843,0.49997824035940575,0.16663872864911866,0.0,0.0,0.16663872864911866,0.49997824035940575,0.6666790234205742,0.750013780254843,0.8333485370891118,0.750013780254843,0.49997824035940575,0.16663872864911866,0.0,0.25001724529313485,0.4166559739422535,0.49997824035940575,0.750013780254843
0.750013780254843,0.49997824035940575,0.16663872864911866,0.0,0.0,0.16663872864911866,0.49997824035940575,0.6666790234205742,0.750013780254843,0.8333485370891118,0.750013780254843,0.49997824035940575,0.16663872864911866,0.0,0.25001724529313485,0.4166559739422535,0.49997824035940575,0.750013780254843,0.8333485370891118,0.750013780254843,0.49997824035940575,0.16663872864911866,0.0,0.0,0.16663872864911866,0.49997824035940575,0.6666790234205742,0.750013780254843,0.8333485370891118,0.750013780254843,0.49997824035940575,0.16663872864911866,0.0,0.25001724529313485,0.4166559739422535,0.49997824035940575,0.750013780254843
0.5833750516057243,0.3333395117102871,0.3332774572982373,0.16663872864911866,0.16663872864911866,0.0,0.3333395117102871,0.5000402947714555,0.7500265145166125,0.8333612713508813,0.5833750516057243,0.3333395117102871,0.3332774572982373,0.16663872864911866,0.4166559739422535,0.25001724529313485,0.3333395117102871,0.7500265145166125,0.8333612713508813,0.5833750516057243,0.3333395117102871,0.3332774572982373,0.16663872864911866,0.16663872864911866,0.0,0.3333395117102871,0.5000402947714555,0.7500265145166125,0.8333612713508813,0.5833750516057243,0.3333395117102871,0.3332774572982373,0.16663872864911866,0.4166559739422535,0.25001724529313485,0.3333395117102871,0.7500265145166125
0.4166870028063254,0.33340156612233685,0.3333395117102871,0.49997824035940575,0.49997824035940575,0.3333395117102871,0.0,0.16670078306116842,0.4166870028063254,0.6666732225514824,0.4166870028063254,0.33340156612233685,0.3333395117102871,0.49997824035940575,0.5832819716456967,0.5833567570034219,0.0,0.4166870028063254,0.6666732225514824,0.4166870028063254,0.33340156612233685,0.3333395117102871,0.49997824035940575,0.49997824035940575,0.3333395117102871,0.0,0.16670078306116842,0.4166870028063254,0.6666732225514824,0.4166870028063254,0.33340156612233685,0.3333395117102871,0.49997824035940575,0.5832819716456967,0.5833567570034219,0.0,0.4166870028063254
0.249986219745157,0.16670078306116842,0.5000402947714555,0.6666790234205742,0.6666790234205742,0.5000402947714555,0.16670078306116842,0.0,0.249986219745157,0.499972439490314,0.249986219745157,0.16670078306116842,0.5000402947714555,0.6666790234205742,0.7499827547068652,0.5833440260577465,0.16670078306116842,0.249986219745157,0.499972439490314,0.249986219745157,0.16670078306116842,0.5000402947714555,0.6666790234205742,0.6666790234205742,0.5000402947714555,0.16670078306116842,0.0,0.249986219745157,0.499972439490314,0.249986219745157,0.16670078306116842,0.5000402947714555,0.6666790234205742,0.7499827547068652,0.5833440260577465,0.16670078306116842,0.249986219745157
0.499972439490314,0.4166870028063254,0.5833750516057243,0.750013780254843,0.750013780254843,0.7500265145166125,0.4166870028063254,0.249986219745157,0.0,0.249986219745157,0.499972439490314,0.4166870028063254,0.5833750516057243,0.750013780254843,0.49999653496170815,0.8333302458029035,0.4166870028063254,0.0,0.249986219745157,0.499972439490314,0.4166870028063254,0.5833750516057243,0.750013780254843,0.750013780254843,0.7500265145166125,0.4166870028063254,0.249986219745157,0.0,0.249986219745157,0.499972439490314,0.4166870028063254,0.5833750516057243,0.750013780254843,0.49999653496170815,0.8333302458029035,0.4166870028063254,0.0
0.249986219745157,0.6666732225514824,0.8333612713508813,0.8333485370891118,0.8333485370891118,0.8333612713508813,0.6666732225514824,0.499972439490314,0.249986219745157,0.0,0.249986219745157,0.6666732225514824,0.8333612713508813,0.8333485370891118,0.583331291795977,0.5833440260577465,0.6666732225514824,0.249986219745157,0.0,0.249986219745157,0.6666732225514824,0.8333612713508813,0.8333485370891118,0.8333485370891118,0.8333612713508813,0.6666732225514824,0.499972439490314,0.249986219745157,0.0,0.249986219745157,0.6666732225514824,0.8333612713508813,0.8333485370891118,0.583331291795977,0.5833440260577465,0.6666732225514824,0.249986219745157
0.0,0.4166870028063254,0.7500265145166125,0.750013780254843,0.750013780254843,0.5833750516057243,0.4166870028063254,0.249986219745157,0.499972439490314,0.249986219745157,0.0,0.4166870028063254,0.7500265145166125,0.750013780254843,0.833317511541134,0.3333578063125895,0.4166870028063254,0.499972439490314,0.249986219745157,0.0,0.4166870028063254,0.7500265145166125,0.750013780254843,0.750013780254843,0.5833750516057243,0.4166870028063254,0.249986219745157,0.499972439490314,0.249986219745157,0.0,0.4166870028063254,0.7500265145166125,0.750013780254843,0.833317511541134,0.3333578063125895,0.4166870028063254,0.499972439490314
0.4166870028063254,0.0,0.3333395117102871,0.49997824035940575,0.49997824035940575,0.3333395117102871,0.33340156612233685,0.16670078306116842,0.4166870028063254,0.6666732225514824,0.4166870028063254,0.0,0.3333395117102871,0.49997824035940575,0.7499954856525406,0.41664324299657807,0.33340156612233685,0.4166870028063254,0.6666732225514824,0.4166870028063254,0.0,0.3333395117102871,0.49997824035940575,0.49997824035940575,0.3333395117102871,0.33340156612233685,0.16670078306116842,0.4166870028063254,0.6666732225514824,0.4166870028063254,0.0,0.3333395117102871,0.49997824035940575,0.7499954856525406,0.41664324299657807,0.33340156612233685,0.4166870028063254
0.7500265145166125,0.3333395117102871,0.0,0.16663872864911866,0.16663872864911866,0.3332774572982373,0.3333395117102871,0.5000402947714555,0.5833750516057243,0.8333612713508813,0.7500265145166125,0.3333395117102871,0.0,0.16663872864911866,0.4166559739422535,0.5832947025913722,0.3333395117102871,0.5833750516057243,0.8333612713508813,0.7500265145166125,0.3333395117102871,0.0,0.16663872864911866,0.16663872864911866,0.3332774572982373,0.3333395117102871,0.5000402947714555,0.5833750516057243,0.8333612713508813,0.7500265145166125,0.3333395117102871,0.0,0.16663872864911866,0.4166559739422535,0.5832947025913722,0.3333395117102871,0.5833750516057243
0.750013780254843,0.49997824035940575,0.16663872864911866,0.0,0.0,0.16663872864911866,0.49997824035940575,0.6666790234205742,0.750013780254843,0.8333485370891118,0.750013780254843,0.49997824035940575,0.16663872864911866,0.0,0.25001724529313485,0.4166559739422535,0.49997824035940575,0.750013780254843,0.8333485370891118,0.750013780254843,0.49997824035940575,0.16663872864911866,0.0,0.0,0.16663872864911866,0.49997824035940575,0.6666790234205742,0.750013780254843,0.8333485370891118,0.750013780254843,0.49997824035940575,0.16663872864911866,0.0,0.25001724529313485,0.4166559739422535,0.49997824035940575,0.750013780254843
0.833317511541134,0.7499954856525406,0.4166559739422535,0.25001724529313485,0.25001724529313485,0.4166559739422535,0.5832819716456967,0.7499827547068652,0.49999653496170815,0.583331291795977,0.833317511541134,0.7499954856525406,0.4166559739422535,0.25001724529313485,0.0,0.6666732192353884,0.5832819716456967,0.49999653496170815,0.583331291795977,0.833317511541134,0.7499954856525406,0.4166559739422535,0.25001724529313485,0.25001724529313485,0.4166559739422535,0.5832819716456967,0.7499827547068652,0.49999653496170815,0.583331291795977,0.833317511541134,0.7499954856525406,0.4166559739422535,0.25001724529313485,0.0,0.6666732192353884,0.5832819716456967,0.49999653496170815
0.3333578063125895,0.41664324299657807,0.5832947025913722,0.4166559739422535,0.4166559739422535,0.25001724529313485,0.5833567570034219,0.5833440260577465,0.8333302458029035,0.5833440260577465,0.3333578063125895,0.41664324299657807,0.5832947025913722,0.4166559739422535,0.6666732192353884,0.0,0.5833567570034219,0.8333302458029035,0.5833440260577465,0.3333578063125895,0.41664324299657807,0.5832947025913722,0.4166559739422535,0.4166559739422535,0.25001724529313485,0.5833567570034219,0.5833440260577465,0.8333302458029035,0.5833440260577465,0.3333578063125895,0.41664324299657807,0.5832947025913722,0.4166559739422535,0.6666732192353884,0.0,0.5833567570034219,0.8333302458029035
0.4166870028063254,0.33340156612233685,0.3333395117102871,0.49997824035940575,0.49997824035940575,0.3333395117102871,0.0,0.16670078306116842,0.4166870028063254,0.6666732225514824,0.4166870028063254,0.33340156612233685,0.3333395117102871,0.49997824035940575,0.5832819716456967,0.5833567570034219,0.0,0.4166870028063254,0.6666732225514824,0.4166870028063254,0.33340156612233685,0.3333395117102871,0.49997824035940575,0.49997824035940575,0.3333395117102871,0.0,0.16670078306116842,0.4166870028063254,0.6666732225514824,0.4166870028063254,0.33340156612233685,0.3333395117102871,0.49997824035940575,0.5832819716456967,0.5833567570034219,0.0,0.4166870028063254
0.499972439490314,0.4166870028063254,0.5833750516057243,0.750013780254843,0.750013780254843,0.7500265145166125,0.4166870028063254,0.249986219745157,0.0,0.249986219745157,0.499972439490314,0.4166870028063254,0.5833750516057243,0.750013780254843,0.49999653496170815,0.8333302458029035,0.4166870028063254,0.0,0.249986219745157,0.499972439490314,0.4166870028063254,0.5833750516057243,0.750013780254843,0.750013780254843,0.7500265145166125,0.4166870028063254,0.249986219745157,0.0,0.249986219745157,0.499972439490314,0.4166870028063254,0.5833750516057243,0.750013780254843,0.49999653496170815,0.8333302458029035,0.4166870028063254,0.0
0.249986219745157,0.6666732225514824,0.8333612713508813,0.8333485370891118,0.8333485370891118,0.8333612713508813,0.6666732225514824,0.499972439490314,0.249986219745157,0.0,0.249986219745157,0.6666732225514824,0.8333612713508813,0.8333485370891118,0.583331291795977,0.5833440260577465,0.6666732225514824,0.249986219745157,0.0,0.249986219745157,0.6666732225514824,0.8333612713508813,0.8333485370891118,0.8333485370891118,0.8333612713508813,0.6666732225514824,0.499972439490314,0.249986219745157,0.0,0.249986219745157,0.6666732225514824,0.8333612713508813,0.8333485370891118,0.583331291795977,0.5833440260577465,0.6666732225514824,0.249986219745157
0.0,0.4166870028063254,0.7500265145166125,0.750013780254843,0.750013780254843,0.5833750516057243,0.4166870028063254,0.249986219745157,0.499972439490314,0.249986219745157,0.0,0.4166870028063254,0.7500265145166125,0.750013780254843,0.833317511541134,0.3333578063125895,0.4166870028063254,0.499972439490314,0.249986219745157,0.0,0.4166870028063254,0.7500265145166125,0.750013780254843,0.750013780254843,0.5833750516057243,0.4166870028063254,0.249986219745157,0.499972439490314,0.249986219745157,0.0,0.4166870028063254,0.7500265145166125,0.750013780254843,0.833317511541134,0.3333578063125895,0.4166870028063254,0.499972439490314
0.4166870028063254,0.0,0.3333395117102871,0.49997824035940575,0.49997824035940575,0.3333395117102871,0.33340156612233685,0.16670078306116842,0.4166870028063254,0.6666732225514824,0.4166870028063254,0.0,0.3333395117102871,0.49997824035940575,0.7499954856525406,0.41664324299657807,0.33340156612233685,0.4166870028063254,0.6666732225514824,0.4166870028063254,0.0,0.3333395117102871,0.49997824035940575,0.49997824035940575,0.3333395117102871,0.33340156612233685,0.16670078306116842,0.4166870028063254,0.6666732225514824,0.4166870028063254,0.0,0.3333395117102871,0.49997824035940575,0.7499954856525406,0.41664324299657807,0.33340156612233685,0.4166870028063254
0.7500265145166125,0.3333395117102871,0.0,0.16663872864911866,0.16663872864911866,0.3332774572982373,0.3333395117102871,0.5000402947714555,0.5833750516057243,0.8333612713508813,0.7500265145166125,0.3333395117102871,0.0,0.16663872864911866,0.4166559739422535,0.5832947025913722,0.3333395117102871,0.5833750516057243,0.8333612713508813,0.7500265145166125,0.3333395117102871,0.0,0.16663872864911866,0.16663872864911866,0.3332774572982373,0.3333395117102871,0.5000402947714555,0.5833750516057243,0.8333612713508813,0.7500265145166125,0.3333395117102871,0.0,0.16663872864911866,0.4166559739422535,0.5832947025913722,0.3333395117102871,0.5833750516057243
0.750013780254843,0.49997824035940575,0.16663872864911866,0.0,0.0,0.16663872864911866,0.49997824035940575,0.6666790234205742,0.750013780254843,0.8333485370891118,0.750013780254843,0.49997824035940575,0.16663872864911866,0.0,0.25001724529313485,0.4166559739422535,0.49997824035940575,0.750013780254843,0.8333485370891118,0.750013780254843,0.49997824035940575,0.16663872864911866,0.0,0.0,0.16663872864911866,0.49997824035940575,0.6666790234205742,0.750013780254843,0.8333485370891118,0.750013780254843,0.49997824035940575,0.16663872864911866,0.0,0.25001724529313485,0.4166559739422535,0.49997824035940575,0.750013780254843
0.750013780254843,0.49997824035940575,0.16663872864911866,0.0,0.0,0.16663872864911866,0.49997824035940575,0.6666790234205742,0.750013780254843,0.8333485370891118,0.750013780254843,0.49997824035940575,0.16663872864911866,0.0,0.25001724529313485,0.4166559739422535,0.49997824035940575,0.750013780254843,0.8333485370891118,0.750013780254843,0.49997824035940575,0.16663872864911866,0.0,0.0,0.16663872864911866,0.49997824035940575,0.6666790234205742,0.750013780254843,0.8333485370891118,0.750013780254843,0.49997824035940575,0.16663872864911866,0.0,0.25001724529313485,0.4166559739422535,0.49997824035940575,0.750013780254843
0.5833750516057243,0.3333395117102871,0.3332774572982373,0.16663872864911866,0.16663872864911866,0.0,0.3333395117102871,0.5000402947714555,0.7500265145166125,0.8333612713508813,0.5833750516057243,0.3333395117102871,0.3332774572982373,0.16663872864911866,0.4166559739422535,0.25001724529313485,0.3333395117102871,0.7500265145166125,0.8333612713508813,0.5833750516057243,0.3333395117102871,0.3332774572982373,0.16663872864911866,0.16663872864911866,0.0,0.3333395117102871,0.5000402947714555,0.7500265145166125,0.8333612713508813,0.5833750516057243,0.3333395117102871,0.3332774572982373,0.16663872864911866,0.4166559739422535,0.25001724529313485,0.3333395117102871,0.7500265145166125
0.4166870028063254,0.33340156612233685,0.3333395117102871,0.49997824035940575,0.49997824035940575,0.3333395117102871,0.0,0.16670078306116842,0.4166870028063254,0.6666732225514824,0.4166870028063254,0.33340156612233685,0.3333395117102871,0.49997824035940575,0.5832819716456967,0.5833567570034219,0.0,0.4166870028063254,0.6666732225514824,0.4166870028063254,0.33340156612233685,0.3333395117102871,0.49997824035940575,0.49997824035940575,0.3333395117102871,0.0,0.16670078306116842,0.4166870028063254,0.6666732225514824,0.4166870028063254,0.33340156612233685,0.3333395117102871,0.49997824035940575,0.5832819716456967,0.5833567570034219,0.0,0.4166870028063254
0.249986219745157,0.16670078306116842,0.5000402947714555,0.6666790234205742,0.6666790234205742,0.5000402947714555,0.16670078306116842,0.0,0.249986219745157,0.499972439490314,0.249986219745157,0.16670078306116842,0.5000402947714555,0.6666790234205742,0.7499827547068652,0.5833440260577465,0.16670078306116842,0.249986219745157,0.499972439490314,0.249986219745157,0.16670078306116842,0.5000402947714555,0.6666790234205742,0.6666790234205742,0.5000402947714555,0.16670078306116842,0.0,0.249986219745157,0.499972439490314,0.249986219745157,0.16670078306116842,0.5000402947714555,0.6666790234205742,0.7499827547068652,0.5833440260577465,0.16670078306116842,0.249986219745157
0.499972439490314,0.4166870028063254,0.5833750516057243,0.750013780254843,0.750013780254843,0.7500265145166125,0.4166870028063254,0.249986219745157,0.0,0.249986219745157,0.499972439490314,0.4166870028063254,0.5833750516057243,0.750013780254843,0.49999653496170815,0.8333302458029035,0.4166870028063254,0.0,0.249986219745157,0.499972439490314,0.4166870028063254,0.5833750516057243,0.750013780254843,0.750013780254843,0.7500265145166125,0.4166870028063254,0.249986219745157,0.0,0.249986219745157,0.499972439490314,0.4166870028063254,0.5833750516057243,0.750013780254843,0.49999653496170815,0.8333302458029035,0.4166870028063254,0.0
0.249986219745157,0.6666732225514824,0.8333612713508813,0.8333485370891118,0.8333485370891118,0.8333612713508813,0.6666732225514824,0.499972439490314,0.249986219745157,0.0,0.249986219745157,0.6666732225514824,0.8333612713508813,0.8333485370891118,0.583331291795977,0.5833440260577465,0.6666732225514824,0.249986219745157,0.0,0.249986219745157,0.6666732225514824,0.8333612713508813,0.8333485370891118,0.8333485370891118,0.8333612713508813,0.6666732225514824,0.499972439490314,0.249986219745157,0.0,0.249986219745157,0.6666732225514824,0.8333612713508813,0.8333485370891118,0.583331291795977,0.5833440260577465,0.6666732225514824,0.249986219745157
0.0,0.4166870028063254,0.7500265145166125,0.750013780254843,0.750013780254843,0.5833750516057243,0.4166870028063254,0.249986219745157,0.499972439490314,0.249986219745157,0.0,0.4166870028063254,0.7500265145166125,0.750013780254843,0.833317511541134,0.3333578063125895,0.4166870028063254,0.499972439490314,0.249986219745157,0.0,0.4166870028063254,0.7500265145166125,0.750013780254843,0.750013780254843,0.5833750516057243,0.4166870028063254,0.249986219745157,0.499972439490314,0.249986219745157,0.0,0.4166870028063254,0.7500265145166125,0.750013780254843,0.833317511541134,0.3333578063125895,0.4166870028063254,0.499972439490314
0.4166870028063254,0.0,0.3333395117102871,0.49997824035940575,0.49997824035940575,0.3333395117102871,0.33340156612233685,0.16670078306116842,0.4166870028063254,0.6666732225514824,0.4166870028063254,0.0,0.3333395117102871,0.49997824035940575,0.7499954856525406,0.41664324299657807,0.33340156612233685,0.4166870028063254,0.6666732225514824,0.4166870028063254,0.0,0.3333395117102871,0.49997824035940575,0.49997824035940575,0.3333395117102871,0.33340156612233685,0.16670078306116842,0.4166870028063254,0.6666732225514824,0.4166870028063254,0.0,0.3333395117102871,0.49997824035940575,0.7499954856525406,0.41664324299657807,0.33340156612233685,0.4166870028063254
0.7500265145166125,0.3333395117102871,0.0,0.16663872864911866,0.16663872864911866,0.3332774572982373,0.3333395117102871,0.5000402947714555,0.5833750516057243,0.8333612713508813,0.7500265145166125,0.3333395117102871,0.0,0.16663872864911866,0.4166559739422535,0.5832947025913722,0.3333395117102871,0.5833750516057243,0.8333612713508813,0.7500265145166125,0.3333395117102871,0.0,0.16663872864911866,0.16663872864911866,0.3332774572982373,0.3333395117102871,0.5000402947714555,0.5833750516057243,0.8333612713508813,0.7500265145166125,0.3333395117102871,0.0,0.16663872864911866,0.4166559739422535,0.5832947025913722,0.3333395117102871,0.5833750516057243
0.750013780254843,0.49997824035940575,0.16663872864911866,0.0,0.0,0.16663872864911866,0.49997824035940575,0.6666790234205742,0.750013780254843,0.8333485370891118,0.750013780254843,0.49997824035940575,0.16663872864911866,0.0,0.25001724529313485,0.4166559739422535,0.49997824035940575,0.750013780254843,0.8333485370891118,0.750013780254843,0.49997824035940575,0.16663872864911866,0.0,0.0,0.16663872864911866,0.49997824035940575,0.6666790234205742,0.750013780254843,0.8333485370891118,0.750013780254843,0.49997824035940575,0.16663872864911866,0.0,0.25001724529313485,0.4166559739422535,0.49997824035940575,0.750013780254843
0.833317511541134,0.7499954856525406,0.4166559739422535,0.25001724529313485,0.25001724529313485,0.4166559739422535,0.5832819716456967,0.7499827547068652,0.49999653496170815,0.583331291795977,0.833317511541134,0.7499954856525406,0.4166559739422535,0.25001724529313485,0.0,0.6666732192353884,0.5832819716456967,0.49999653496170815,0.583331291795977,0.833317511541134,0.7499954856525406,0.4166559739422535,0.25001724529313485,0.25001724529313485,0.4166559739422535,0.5832819716456967,0.7499827547068652,0.49999653496170815,0.583331291795977,0.833317511541134,0.7499954856525406,0.4166559739422535,0.25001724529313485,0.0,0.6666732192353884,0.5832819716456967,0.49999653496170815
0.3333578063125895,0.41664324299657807,0.5832947025913722,0.4166559739422535,0.4166559739422535,0.25001724529313485,0.5833567570034219,0.5833440260577465,0.8333302458029035,0.5833440260577465,0.3333578063125895,0.41664324299657807,0.5832947025913722,0.4166559739422535,0.6666732192353884,0.0,0.5833567570034219,0.8333302458029035,0.5833440260577465,0.3333578063125895,0.41664324299657807,0.5832947025913722,0.4166559739422535,0.4166559739422535,0.25001724529313485,0.5833567570034219,0.5833440260577465,0.8333302458029035,0.5833440260577465,0.3333578063125895,0.41664324299657807,0.5832947025913722,0.4166559739422535,0.6666732192353884,0.0,0.5833567570034219,0.8333302458029035
0.4166870028063254,0.33340156612233685,0.3333395117102871,0.49997824035940575,0.49997824035940575,0.3333395117102871,0.0,0.16670078306116842,0.4166870028063254,0.6666732225514824,0.4166870028063254,0.33340156612233685,0.3333395117102871,0.49997824035940575,0.5832819716456967,0.5833567570034219,0.0,0.4166870028063254,0.6666732225514824,0.4166870028063254,0.33340156612233685,0.3333395117102871,0.49997824035940575,0.49997824035940575,0.3333395117102871,0.0,0.16670078306116842,0.4166870028063254,0.6666732225514824,0.4166870028063254,0.33340156612233685,0.3333395117102871,0.49997824035940575,0.5832819716456967,0.5833567570034219,0.0,0.4166870028063254
0.499972439490314,0.4166870028063254,0.5833750516057243,0.750013780254843,0.750013780254843,0.7500265145166125,0.4166870028063254,0.249986219745157,0.0,0.249986219745157,0.499972439490314,0.4166870028063254,0.5833750516057243,0.750013780254843,0.49999653496170815,0.8333302458029035,0.4166870028063254,0.0,0.249986219745157,0.499972439490314,0.4166870028063254,0.5833750516057243,0.750013780254843,0.750013780254843,0.7500265145166125,0.4166870028063254,0.249986219745157,0.0,0.249986219745157,0.499972439490314,0.4166870028063254,0.5833750516057243,0.750013780254843,0.49999653496170815,0.8333302458029035,0.4166870028063254,0.0
