0.0,0.249986219745157,0.41660500846256987,0.41660500846256987,0.41660500846256987,0.41660500846256987,0.5833057915237383,0.9166453032340254,0.8333485922331736,0.7499812163494912,0.7499812163494912,0.7499812163494912,0.7499812163494912,0.4166743236886177,0.0,0.249986219745157,0.33335365077290113,0.0,0.249986219745157,0.749944520172857,0.6666987228237211,0.5833313469400387,0.6666264644394548,0.5000544338340696,0.0,0.249986219745157,0.41660500846256987,0.41660500846256987,0.41660500846256987,0.41660500846256987,0.5833057915237383,0.9166453032340254,0.8333485922331736,0.7499812163494912,0.7499812163494912,0.7499812163494912,0.7499812163494912,0.4166743236886177,0.0,0.249986219745157,0.33335365077290113,0.0,0.249986219745157,0.749944520172857,0.6666987228237211,0.5833313469400387,0.6666264644394548
0.249986219745157,0.0,0.16661878871741287,0.16661878871741287,0.16661878871741287,0.16661878871741287,0.3333195717785813,0.6666590834888684,0.9166651880216694,0.8333812112825871,0.8333812112825871,0.8333812112825871,0.8333812112825871,0.6666605434337747,0.249986219745157,0.0,0.41660500846256987,0.249986219745157,0.0,0.49995830042769995,0.916601543424278,0.6667313418731347,0.5833751067497861,0.5833057915237383,0.249986219745157,0.0,0.16661878871741287,0.16661878871741287,0.16661878871741287,0.16661878871741287,0.3333195717785813,0.6666590834888684,0.9166651880216694,0.8333812112825871,0.8333812112825871,0.8333812112825871,0.8333812112825871,0.6666605434337747,0.249986219745157,0.0,0.41660500846256987,0.249986219745157,0.0,0.49995830042769995,0.916601543424278,0.6667313418731347,0.5833751067497861
0.41660500846256987,0.16661878871741287,0.0,0.0,0.0,0.0,0.16670078306116842,0.5000402947714555,0.7500463993042565,0.8334137751879389,0.8334137751879389,0.8334137751879389,0.8334137751879389,0.6666931073391265,0.41660500846256987,0.16661878871741287,0.249986219745157,0.41660500846256987,0.16661878871741287,0.3333395117102871,0.7499827547068652,0.8333501305905475,0.5834076706551379,0.4166870028063254,0.41660500846256987,0.16661878871741287,0.0,0.0,0.0,0.0,0.16670078306116842,0.5000402947714555,0.7500463993042565,0.8334137751879389,0.8334137751879389,0.8334137751879389,0.8334137751879389,0.6666931073391265,0.41660500846256987,0.16661878871741287,0.249986219745157,0.41660500846256987,0.16661878871741287,0.3333395117102871,0.7499827547068652,0.8333501305905475,0.5834076706551379
0.41660500846256987,0.16661878871741287,0.0,0.0,0.0,0.0,0.16670078306116842,0.5000402947714555,0.7500463993042565,0.8334137751879389,0.8334137751879389,0.8334137751879389,0.8334137751879389,0.6666931073391265,0.41660500846256987,0.16661878871741287,0.249986219745157,0.41660500846256987,0.16661878871741287,0.3333395117102871,0.7499827547068652,0.8333501305905475,0.5834076706551379,0.4166870028063254,0.41660500846256987,0.16661878871741287,0.0,0.0,0.0,0.0,0.16670078306116842,0.5000402947714555,0.7500463993042565,0.8334137751879389,0.8334137751879389,0.8334137751879389,0.8334137751879389,0.6666931073391265,0.41660500846256987,0.16661878871741287,0.249986219745157,0.41660500846256987,0.16661878871741287,0.3333395117102871,0.7499827547068652,0.8333501305905475,0.5834076706551379
0.41660500846256987,0.16661878871741287,0.0,0.0,0.0,0.0,0.16670078306116842,0.5000402947714555,0.7500463993042565,0.8334137751879389,0.8334137751879389,0.8334137751879389,0.8334137751879389,0.6666931073391265,0.41660500846256987,0.16661878871741287,0.249986219745157,0.41660500846256987,0.16661878871741287,0.3333395117102871,0.7499827547068652,0.8333501305905475,0.5834076706551379,0.4166870028063254,0.41660500846256987,0.16661878871741287,0.0,0.0,0.0,0.0,0.16670078306116842,0.5000402947714555,0.7500463993042565,0.8334137751879389,0.8334137751879389,0.8334137751879389,0.8334137751879389,0.6666931073391265,0.41660500846256987,0.16661878871741287,0.249986219745157,0.41660500846256987,0.16661878871741287,0.3333395117102871,0.7499827547068652,0.8333501305905475,0.5834076706551379
0.41660500846256987,0.16661878871741287,0.0,0.0,0.0,0.0,0.16670078306116842,0.5000402947714555,0.7500463993042565,0.8334137751879389,0.8334137751879389,0.8334137751879389,0.8334137751879389,0.6666931073391265,0.41660500846256987,0.16661878871741287,0.249986219745157,0.41660500846256987,0.16661878871741287,0.3333395117102871,0.7499827547068652,0.8333501305905475,0.5834076706551379,0.4166870028063254,0.41660500846256987,0.16661878871741287,0.0,0.0,0.0,0.0,0.16670078306116842,0.5000402947714555,0.7500463993042565,0.8334137751879389,0.8334137751879389,0.8334137751879389,0.8334137751879389,0.6666931073391265,0.41660500846256987,0.16661878871741287,0.249986219745157,0.41660500846256987,0.16661878871741287,0.3333395117102871,0.7499827547068652,0.8333501305905475,0.5834076706551379
0.5833057915237383,0.3333195717785813,0.16670078306116842,0.16670078306116842,0.16670078306116842,0.16670078306116842,0.0,0.3333395117102871,0.5833456162430881,0.6667129921267705,0.6667129921267705,0.6667129921267705,0.6667129921267705,0.8333938904002949,0.5833057915237383,0.3333195717785813,0.4166870028063254,0.5833057915237383,0.3333195717785813,0.16663872864911866,0.7499954856525406,0.6666493475293791,0.41670688759396945,0.5833877858674938,0.5833057915237383,0.3333195717785813,0.16670078306116842,0.16670078306116842,0.16670078306116842,0.16670078306116842,0.0,0.3333395117102871,0.5833456162430881,0.6667129921267705,0.6667129921267705,0.6667129921267705,0.6667129921267705,0.8333938904002949,0.5833057915237383,0.3333195717785813,0.4166870028063254,0.5833057915237383,0.3333195717785813,0.16663872864911866,0.7499954856525406,0.6666493475293791,0.41670688759396945
0.9166453032340254,0.6666590834888684,0.5000402947714555,0.5000402947714555,0.5000402947714555,0.5000402947714555,0.3333395117102871,0.0,0.25000610453280103,0.3333734804164834,0.3333734804164834,0.3333734804164834,0.3333734804164834,0.666680373077357,0.9166453032340254,0.6666590834888684,0.5833750516057243,0.9166453032340254,0.6666590834888684,0.16670078306116842,0.4166559739422535,0.5000233498259359,0.4166448331819197,0.4166742685445559,0.9166453032340254,0.6666590834888684,0.5000402947714555,0.5000402947714555,0.5000402947714555,0.5000402947714555,0.3333395117102871,0.0,0.25000610453280103,0.3333734804164834,0.3333734804164834,0.3333734804164834,0.3333734804164834,0.666680373077357,0.9166453032340254,0.6666590834888684,0.5833750516057243,0.9166453032340254,0.6666590834888684,0.16670078306116842,0.4166559739422535,0.5000233498259359,0.4166448331819197
0.8333485922331736,0.9166651880216694,0.7500463993042565,0.7500463993042565,0.7500463993042565,0.7500463993042565,0.5833456162430881,0.25000610453280103,0.0,0.08336737588368237,0.08336737588368237,0.08336737588368237,0.08336737588368237,0.4166742685445559,0.8333485922331736,0.9166651880216694,0.6666464043711606,0.8333485922331736,0.9166651880216694,0.41670688759396945,0.16664986940945248,0.25001724529313485,0.3333734804164834,0.4999456213099922,0.8333485922331736,0.9166651880216694,0.7500463993042565,0.7500463993042565,0.7500463993042565,0.7500463993042565,0.5833456162430881,0.25000610453280103,0.0,0.08336737588368237,0.08336737588368237,0.08336737588368237,0.08336737588368237,0.4166742685445559,0.8333485922331736,0.9166651880216694,0.6666464043711606,0.8333485922331736,0.9166651880216694,0.41670688759396945,0.16664986940945248,0.25001724529313485,0.3333734804164834
0.7499812163494912,0.8333812112825871,0.8334137751879389,0.8334137751879389,0.8334137751879389,0.8334137751879389,0.6667129921267705,0.3333734804164834,0.08336737588368237,0.0,0.0,0.0,0.0,0.33330689266087354,0.7499812163494912,0.8333812112825871,0.750013780254843,0.7499812163494912,0.8333812112825871,0.5000742634776518,0.25001724529313485,0.16664986940945248,0.25000610453280103,0.5833129971936746,0.7499812163494912,0.8333812112825871,0.8334137751879389,0.8334137751879389,0.8334137751879389,0.8334137751879389,0.6667129921267705,0.3333734804164834,0.08336737588368237,0.0,0.0,0.0,0.0,0.33330689266087354,0.7499812163494912,0.8333812112825871,0.750013780254843,0.7499812163494912,0.8333812112825871,0.5000742634776518,0.25001724529313485,0.16664986940945248,0.25000610453280103
0.7499812163494912,0.8333812112825871,0.8334137751879389,0.8334137751879389,0.8334137751879389,0.8334137751879389,0.6667129921267705,0.3333734804164834,0.08336737588368237,0.0,0.0,0.0,0.0,0.33330689266087354,0.7499812163494912,0.8333812112825871,0.750013780254843,0.7499812163494912,0.8333812112825871,0.5000742634776518,0.25001724529313485,0.16664986940945248,0.25000610453280103,0.5833129971936746,0.7499812163494912,0.8333812112825871,0.8334137751879389,0.8334137751879389,0.8334137751879389,0.8334137751879389,0.6667129921267705,0.3333734804164834,0.08336737588368237,0.0,0.0,0.0,0.0,0.33330689266087354,0.7499812163494912,0.8333812112825871,0.750013780254843,0.7499812163494912,0.8333812112825871,0.5000742634776518,0.25001724529313485,0.16664986940945248,0.25000610453280103
0.7499812163494912,0.8333812112825871,0.8334137751879389,0.8334137751879389,0.8334137751879389,0.8334137751879389,0.6667129921267705,0.3333734804164834,0.08336737588368237,0.0,0.0,0.0,0.0,0.33330689266087354,0.7499812163494912,0.8333812112825871,0.750013780254843,0.7499812163494912,0.8333812112825871,0.5000742634776518,0.25001724529313485,0.16664986940945248,0.25000610453280103,0.5833129971936746,0.7499812163494912,0.8333812112825871,0.8334137751879389,0.8334137751879389,0.8334137751879389,0.8334137751879389,0.6667129921267705,0.3333734804164834,0.08336737588368237,0.0,0.0,0.0,0.0,0.33330689266087354,0.7499812163494912,0.8333812112825871,0.750013780254843,0.7499812163494912,0.8333812112825871,0.5000742634776518,0.25001724529313485,0.16664986940945248,0.25000610453280103
0.7499812163494912,0.8333812112825871,0.8334137751879389,0.8334137751879389,0.8334137751879389,0.8334137751879389,0.6667129921267705,0.3333734804164834,0.08336737588368237,0.0,0.0,0.0,0.0,0.33330689266087354,0.7499812163494912,0.8333812112825871,0.750013780254843,0.7499812163494912,0.8333812112825871,0.5000742634776518,0.25001724529313485,0.16664986940945248,0.25000610453280103,0.5833129971936746,0.7499812163494912,0.8333812112825871,0.8334137751879389,0.8334137751879389,0.8334137751879389,0.8334137751879389,0.6667129921267705,0.3333734804164834,0.08336737588368237,0.0,0.0,0.0,0.0,0.33330689266087354,0.7499812163494912,0.8333812112825871,0.750013780254843,0.7499812163494912,0.8333812112825871,0.5000742634776518,0.25001724529313485,0.16664986940945248,0.25000610453280103
0.4166743236886177,0.6666605434337747,0.6666931073391265,0.6666931073391265,0.6666931073391265,0.6666931073391265,0.8333938904002949,0.666680373077357,0.4166742685445559,0.33330689266087354,0.33330689266087354,0.33330689266087354,0.33330689266087354,0.0,0.4166743236886177,0.6666605434337747,0.41670688759396945,0.4166743236886177,0.6666605434337747,0.8333811561385254,0.25002439913510344,0.499956762070326,0.4166870028063254,0.25000610453280103,0.4166743236886177,0.6666605434337747,0.6666931073391265,0.6666931073391265,0.6666931073391265,0.6666931073391265,0.8333938904002949,0.666680373077357,0.4166742685445559,0.33330689266087354,0.33330689266087354,0.33330689266087354,0.33330689266087354,0.0,0.4166743236886177,0.6666605434337747,0.41670688759396945,0.4166743236886177,0.6666605434337747,0.8333811561385254,0.25002439913510344,0.499956762070326,0.4166870028063254
0.0,0.249986219745157,0.41660500846256987,0.41660500846256987,0.41660500846256987,0.41660500846256987,0.5833057915237383,0.9166453032340254,0.8333485922331736,0.7499812163494912,0.7499812163494912,0.7499812163494912,0.7499812163494912,0.4166743236886177,0.0,0.249986219745157,0.33335365077290113,0.0,0.249986219745157,0.749944520172857,0.6666987228237211,0.5833313469400387,0.6666264644394548,0.5000544338340696,0.0,0.249986219745157,0.41660500846256987,0.41660500846256987,0.41660500846256987,0.41660500846256987,0.5833057915237383,0.9166453032340254,0.8333485922331736,0.7499812163494912,0.7499812163494912,0.7499812163494912,0.7499812163494912,0.4166743236886177,0.0,0.249986219745157,0.33335365077290113,0.0,0.249986219745157,0.749944520172857,0.6666987228237211,0.5833313469400387,0.6666264644394548
0.249986219745157,0.0,0.16661878871741287,0.16661878871741287,0.16661878871741287,0.16661878871741287,0.3333195717785813,0.6666590834888684,0.9166651880216694,0.8333812112825871,0.8333812112825871,0.8333812112825871,0.8333812112825871,0.6666605434337747,0.249986219745157,0.0,0.41660500846256987,0.249986219745157,0.0,0.49995830042769995,0.916601543424278,0.6667313418731347,0.5833751067497861,0.5833057915237383,0.249986219745157,0.0,0.16661878871741287,0.16661878871741287,0.16661878871741287,0.16661878871741287,0.3333195717785813,0.6666590834888684,0.9166651880216694,0.8333812112825871,0.8333812112825871,0.8333812112825871,0.8333812112825871,0.6666605434337747,0.249986219745157,0.0,0.41660500846256987,0.249986219745157,0.0,0.49995830042769995,0.916601543424278,0.6667313418731347,0.5833751067497861
0.33335365077290113,0.41660500846256987,0.249986219745157,0.249986219745157,0.249986219745157,0.249986219745157,0.4166870028063254,0.5833750516057243,0.6666464043711606,0.750013780254843,0.750013780254843,0.750013780254843,0.750013780254843,0.41670688759396945,0.33335365077290113,0.41660500846256987,0.0,0.33335365077290113,0.41660500846256987,0.4166742685445559,0.49999653496170815,0.7499501356574516,0.8333938904002949,0.16670078306116842,0.33335365077290113,0.41660500846256987,0.249986219745157,0.249986219745157,0.249986219745157,0.249986219745157,0.4166870028063254,0.5833750516057243,0.6666464043711606,0.750013780254843,0.750013780254843,0.750013780254843,0.750013780254843,0.41670688759396945,0.33335365077290113,0.41660500846256987,0.0,0.33335365077290113,0.41660500846256987,0.4166742685445559,0.49999653496170815,0.7499501356574516,0.8333938904002949
0.0,0.249986219745157,0.41660500846256987,0.41660500846256987,0.41660500846256987,0.41660500846256987,0.5833057915237383,0.9166453032340254,0.8333485922331736,0.7499812163494912,0.7499812163494912,0.7499812163494912,0.7499812163494912,0.4166743236886177,0.0,0.249986219745157,0.33335365077290113,0.0,0.249986219745157,0.749944520172857,0.6666987228237211,0.5833313469400387,0.6666264644394548,0.5000544338340696,0.0,0.249986219745157,0.41660500846256987,0.41660500846256987,0.41660500846256987,0.41660500846256987,0.5833057915237383,0.9166453032340254,0.8333485922331736,0.7499812163494912,0.7499812163494912,0.7499812163494912,0.7499812163494912,0.4166743236886177,0.0,0.249986219745157,0.33335365077290113,0.0,0.249986219745157,0.749944520172857,0.6666987228237211,0.5833313469400387,0.6666264644394548
0.249986219745157,0.0,0.16661878871741287,0.16661878871741287,0.16661878871741287,0.16661878871741287,0.3333195717785813,0.6666590834888684,0.9166651880216694,0.8333812112825871,0.8333812112825871,0.8333812112825871,0.8333812112825871,0.6666605434337747,0.249986219745157,0.0,0.41660500846256987,0.249986219745157,0.0,0.49995830042769995,0.916601543424278,0.6667313418731347,0.5833751067497861,0.5833057915237383,0.249986219745157,0.0,0.16661878871741287,0.16661878871741287,0.16661878871741287,0.16661878871741287,0.3333195717785813,0.6666590834888684,0.9166651880216694,0.8333812112825871,0.8333812112825871,0.8333812112825871,0.8333812112825871,0.6666605434337747,0.249986219745157,0.0,0.41660500846256987,0.249986219745157,0.0,0.49995830042769995,0.916601543424278,0.6667313418731347,0.5833751067497861
0.749944520172857,0.49995830042769995,0.3333395117102871,0.3333395117102871,0.3333395117102871,0.3333395117102871,0.16663872864911866,0.16670078306116842,0.41670688759396945,0.5000742634776518,0.5000742634776518,0.5000742634776518,0.5000742634776518,0.8333811561385254,0.749944520172857,0.49995830042769995,0.4166742685445559,0.749944520172857,0.49995830042769995,0.0,0.5833567570034219,0.5000106188802604,0.5833456162430881,0.5833750516057243,0.749944520172857,0.49995830042769995,0.3333395117102871,0.3333395117102871,0.3333395117102871,0.3333395117102871,0.16663872864911866,0.16670078306116842,0.41670688759396945,0.5000742634776518,0.5000742634776518,0.5000742634776518,0.5000742634776518,0.8333811561385254,0.749944520172857,0.49995830042769995,0.4166742685445559,0.749944520172857,0.49995830042769995,0.0,0.5833567570034219,0.5000106188802604,0.5833456162430881
0.6666987228237211,0.916601543424278,0.7499827547068652,0.7499827547068652,0.7499827547068652,0.7499827547068652,0.7499954856525406,0.4166559739422535,0.16664986940945248,0.25001724529313485,0.25001724529313485,0.25001724529313485,0.25001724529313485,0.25002439913510344,0.6666987228237211,0.916601543424278,0.49999653496170815,0.6666987228237211,0.916601543424278,0.5833567570034219,0.0,0.4166671147025873,0.5000233498259359,0.3332957519005397,0.6666987228237211,0.916601543424278,0.7499827547068652,0.7499827547068652,0.7499827547068652,0.7499827547068652,0.7499954856525406,0.4166559739422535,0.16664986940945248,0.25001724529313485,0.25001724529313485,0.25001724529313485,0.25001724529313485,0.25002439913510344,0.6666987228237211,0.916601543424278,0.49999653496170815,0.6666987228237211,0.916601543424278,0.5833567570034219,0.0,0.4166671147025873,0.5000233498259359
0.5833313469400387,0.6667313418731347,0.8333501305905475,0.8333501305905475,0.8333501305905475,0.8333501305905475,0.6666493475293791,0.5000233498259359,0.25001724529313485,0.16664986940945248,0.16664986940945248,0.16664986940945248,0.16664986940945248,0.499956762070326,0.5833313469400387,0.6667313418731347,0.7499501356574516,0.5833313469400387,0.6667313418731347,0.5000106188802604,0.4166671147025873,0.0,0.4166559739422535,0.749962866603127,0.5833313469400387,0.6667313418731347,0.8333501305905475,0.8333501305905475,0.8333501305905475,0.8333501305905475,0.6666493475293791,0.5000233498259359,0.25001724529313485,0.16664986940945248,0.16664986940945248,0.16664986940945248,0.16664986940945248,0.499956762070326,0.5833313469400387,0.6667313418731347,0.7499501356574516,0.5833313469400387,0.6667313418731347,0.5000106188802604,0.4166671147025873,0.0,0.4166559739422535
0.6666264644394548,0.5833751067497861,0.5834076706551379,0.5834076706551379,0.5834076706551379,0.5834076706551379,0.41670688759396945,0.4166448331819197,0.3333734804164834,0.25000610453280103,0.25000610453280103,0.25000610453280103,0.25000610453280103,0.4166870028063254,0.6666264644394548,0.5833751067497861,0.8333938904002949,0.6666264644394548,0.5833751067497861,0.5833456162430881,0.5000233498259359,0.4166559739422535,0.0,0.6666931073391265,0.6666264644394548,0.5833751067497861,0.5834076706551379,0.5834076706551379,0.5834076706551379,0.5834076706551379,0.41670688759396945,0.4166448331819197,0.3333734804164834,0.25000610453280103,0.25000610453280103,0.25000610453280103,0.25000610453280103,0.4166870028063254,0.6666264644394548,0.5833751067497861,0.8333938904002949,0.6666264644394548,0.5833751067497861,0.5833456162430881,0.5000233498259359,0.4166559739422535,0.0
0.5000544338340696,0.5833057915237383,0.4166870028063254,0.4166870028063254,0.4166870028063254,0.4166870028063254,0.5833877858674938,0.4166742685445559,0.4999456213099922,0.5833129971936746,0.5833129971936746,0.5833129971936746,0.5833129971936746,0.25000610453280103,0.5000544338340696,0.5833057915237383,0.16670078306116842,0.5000544338340696,0.5833057915237383,0.5833750516057243,0.3332957519005397,0.749962866603127,0.6666931073391265,0.0,0.5000544338340696,0.5833057915237383,0.4166870028063254,0.4166870028063254,0.4166870028063254,0.4166870028063254,0.5833877858674938,0.4166742685445559,0.4999456213099922,0.5833129971936746,0.5833129971936746,0.5833129971936746,0.5833129971936746,0.25000610453280103,0.5000544338340696,0.5833057915237383,0.16670078306116842,0.5000544338340696,0.5833057915237383,0.5833750516057243,0.3332957519005397,0.749962866603127,0.6666931073391265
0.0,0.249986219745157,0.41660500846256987,0.41660500846256987,0.41660500846256987,0.41660500846256987,0.5833057915237383,0.9166453032340254,0.8333485922331736,0.7499812163494912,0.7499812163494912,0.7499812163494912,0.7499812163494912,0.4166743236886177,0.0,0.249986219745157,0.33335365077290113,0.0,0.249986219745157,0.749944520172857,0.6666987228237211,0.5833313469400387,0.6666264644394548,0.5000544338340696,0.0,0.249986219745157,0.41660500846256987,0.41660500846256987,0.41660500846256987,0.41660500846256987,0.5833057915237383,0.9166453032340254,0.8333485922331736,0.7499812163494912,0.7499812163494912,0.7499812163494912,0.7499812163494912,0.4166743236886177,0.0,0.249986219745157,0.33335365077290113,0.0,0.249986219745157,0.749944520172857,0.6666987228237211,0.5833313469400387,0.6666264644394548
0.249986219745157,0.0,0.16661878871741287,0.16661878871741287,0.16661878871741287,0.16661878871741287,0.3333195717785813,0.6666590834888684,0.9166651880216694,0.8333812112825871,0.8333812112825871,0.8333812112825871,0.8333812112825871,0.6666605434337747,0.249986219745157,0.0,0.41660500846256987,0.249986219745157,0.0,0.49995830042769995,0.916601543424278,0.6667313418731347,0.5833751067497861,0.5833057915237383,0.249986219745157,0.0,0.16661878871741287,0.16661878871741287,0.16661878871741287,0.16661878871741287,0.3333195717785813,0.6666590834888684,0.9166651880216694,0.8333812112825871,0.8333812112825871,0.8333812112825871,0.8333812112825871,0.6666605434337747,0.249986219745157,0.0,0.41660500846256987,0.249986219745157,0.0,0.49995830042769995,0.916601543424278,0.6667313418731347,0.5833751067497861
0.41660500846256987,0.16661878871741287,0.0,0.0,0.0,0.0,0.16670078306116842,0.5000402947714555,0.7500463993042565,0.8334137751879389,0.8334137751879389,0.8334137751879389,0.8334137751879389,0.6666931073391265,0.41660500846256987,0.16661878871741287,0.249986219745157,0.41660500846256987,0.16661878871741287,0.3333395117102871,0.7499827547068652,0.8333501305905475,0.5834076706551379,0.4166870028063254,0.41660500846256987,0.16661878871741287,0.0,0.0,0.0,0.0,0.16670078306116842,0.5000402947714555,0.7500463993042565,0.8334137751879389,0.8334137751879389,0.8334137751879389,0.8334137751879389,0.6666931073391265,0.41660500846256987,0.16661878871741287,0.249986219745157,0.41660500846256987,0.16661878871741287,0.3333395117102871,0.7499827547068652,0.8333501305905475,0.5834076706551379
0.41660500846256987,0.16661878871741287,0.0,0.0,0.0,0.0,0.16670078306116842,0.5000402947714555,0.7500463993042565,0.8334137751879389,0.8334137751879389,0.8334137751879389,0.8334137751879389,0.6666931073391265,0.41660500846256987,0.16661878871741287,0.249986219745157,0.41660500846256987,0.16661878871741287,0.3333395117102871,0.7499827547068652,0.8333501305905475,0.5834076706551379,0.4166870028063254,0.41660500846256987,0.16661878871741287,0.0,0.0,0.0,0.0,0.16670078306116842,0.5000402947714555,0.7500463993042565,0.8334137751879389,0.8334137751879389,0.8334137751879389,0.8334137751879389,0.6666931073391265,0.41660500846256987,0.16661878871741287,0.249986219745157,0.41660500846256987,0.16661878871741287,0.3333395117102871,0.7499827547068652,0.8333501305905475,0.5834076706551379
0.41660500846256987,0.16661878871741287,0.0,0.0,0.0,0.0,0.16670078306116842,0.5000402947714555,0.7500463993042565,0.8334137751879389,0.8334137751879389,0.8334137751879389,0.8334137751879389,0.6666931073391265,0.41660500846256987,0.16661878871741287,0.249986219745157,0.41660500846256987,0.16661878871741287,0.3333395117102871,0.7499827547068652,0.8333501305905475,0.5834076706551379,0.4166870028063254,0.41660500846256987,0.16661878871741287,0.0,0.0,0.0,0.0,0.16670078306116842,0.5000402947714555,0.7500463993042565,0.8334137751879389,0.8334137751879389,0.8334137751879389,0.8334137751879389,0.6666931073391265,0.41660500846256987,0.16661878871741287,0.249986219745157,0.41660500846256987,0.16661878871741287,0.3333395117102871,0.7499827547068652,0.8333501305905475,0.5834076706551379
0.41660500846256987,0.16661878871741287,0.0,0.0,0.0,0.0,0.16670078306116842,0.5000402947714555,0.7500463993042565,0.8334137751879389,0.8334137751879389,0.8334137751879389,0.8334137751879389,0.6666931073391265,0.41660500846256987,0.16661878871741287,0.249986219745157,0.41660500846256987,0.16661878871741287,0.3333395117102871,0.7499827547068652,0.8333501305905475,0.5834076706551379,0.4166870028063254,0.41660500846256987,0.16661878871741287,0.0,0.0,0.0,0.0,0.16670078306116842,0.5000402947714555,0.7500463993042565,0.8334137751879389,0.8334137751879389,0.8334137751879389,0.8334137751879389,0.6666931073391265,0.41660500846256987,0.16661878871741287,0.249986219745157,0.41660500846256987,0.16661878871741287,0.3333395117102871,0.7499827547068652,0.8333501305905475,0.5834076706551379
0.5833057915237383,0.3333195717785813,0.16670078306116842,0.16670078306116842,0.16670078306116842,0.16670078306116842,0.0,0.3333395117102871,0.5833456162430881,0.6667129921267705,0.6667129921267705,0.6667129921267705,0.6667129921267705,0.8333938904002949,0.5833057915237383,0.3333195717785813,0.4166870028063254,0.5833057915237383,0.3333195717785813,0.16663872864911866,0.7499954856525406,0.6666493475293791,0.41670688759396945,0.5833877858674938,0.5833057915237383,0.3333195717785813,0.16670078306116842,0.16670078306116842,0.16670078306116842,0.16670078306116842,0.0,0.3333395117102871,0.5833456162430881,0.6667129921267705,0.6667129921267705,0.6667129921267705,0.6667129921267705,0.8333938904002949,0.5833057915237383,0.3333195717785813,0.4166870028063254,0.5833057915237383,0.3333195717785813,0.16663872864911866,0.7499954856525406,0.6666493475293791,0.41670688759396945
0.9166453032340254,0.6666590834888684,0.5000402947714555,0.5000402947714555,0.5000402947714555,0.5000402947714555,0.3333395117102871,0.0,0.25000610453280103,0.3333734804164834,0.3333734804164834,0.3333734804164834,0.3333734804164834,0.666680373077357,0.9166453032340254,0.6666590834888684,0.5833750516057243,0.9166453032340254,0.6666590834888684,0.16670078306116842,0.4166559739422535,0.5000233498259359,0.4166448331819197,0.4166742685445559,0.9166453032340254,0.6666590834888684,0.5000402947714555,0.5000402947714555,0.5000402947714555,0.5000402947714555,0.3333395117102871,0.0,0.25000610453280103,0.3333734804164834,0.3333734804164834,0.3333734804164834,0.3333734804164834,0.666680373077357,0.9166453032340254,0.6666590834888684,0.5833750516057243,0.9166453032340254,0.6666590834888684,0.16670078306116842,0.4166559739422535,0.5000233498259359,0.4166448331819197
0.8333485922331736,0.9166651880216694,0.7500463993042565,0.7500463993042565,0.7500463993042565,0.7500463993042565,0.5833456162430881,0.25000610453280103,0.0,0.08336737588368237,0.08336737588368237,0.08336737588368237,0.08336737588368237,0.4166742685445559,0.8333485922331736,0.9166651880216694,0.6666464043711606,0.8333485922331736,0.9166651880216694,0.41670688759396945,0.16664986940945248,0.25001724529313485,0.3333734804164834,0.4999456213099922,0.8333485922331736,0.9166651880216694,0.7500463993042565,0.7500463993042565,0.7500463993042565,0.7500463993042565,0.5833456162430881,0.25000610453280103,0.0,0.08336737588368237,0.08336737588368237,0.08336737588368237,0.08336737588368237,0.4166742685445559,0.8333485922331736,0.9166651880216694,0.6666464043711606,0.8333485922331736,0.9166651880216694,0.41670688759396945,0.16664986940945248,0.25001724529313485,0.3333734804164834
0.7499812163494912,0.8333812112825871,0.8334137751879389,0.8334137751879389,0.8334137751879389,0.8334137751879389,0.6667129921267705,0.3333734804164834,0.08336737588368237,0.0,0.0,0.0,0.0,0.33330689266087354,0.7499812163494912,0.8333812112825871,0.750013780254843,0.7499812163494912,0.8333812112825871,0.5000742634776518,0.25001724529313485,0.16664986940945248,0.25000610453280103,0.5833129971936746,0.7499812163494912,0.8333812112825871,0.8334137751879389,0.8334137751879389,0.8334137751879389,0.8334137751879389,0.6667129921267705,0.3333734804164834,0.08336737588368237,0.0,0.0,0.0,0.0,0.33330689266087354,0.7499812163494912,0.8333812112825871,0.750013780254843,0.7499812163494912,0.8333812112825871,0.5000742634776518,0.25001724529313485,0.16664986940945248,0.25000610453280103
0.7499812163494912,0.8333812112825871,0.8334137751879389,0.8334137751879389,0.8334137751879389,0.8334137751879389,0.6667129921267705,0.3333734804164834,0.08336737588368237,0.0,0.0,0.0,0.0,0.33330689266087354,0.7499812163494912,0.8333812112825871,0.750013780254843,0.7499812163494912,0.8333812112825871,0.5000742634776518,0.25001724529313485,0.16664986940945248,0.25000610453280103,0.5833129971936746,0.7499812163494912,0.8333812112825871,0.8334137751879389,0.8334137751879389,0.8334137751879389,0.8334137751879389,0.6667129921267705,0.3333734804164834,0.08336737588368237,0.0,0.0,0.0,0.0,0.33330689266087354,0.7499812163494912,0.8333812112825871,0.750013780254843,0.7499812163494912,0.8333812112825871,0.5000742634776518,0.25001724529313485,0.16664986940945248,0.25000610453280103
0.7499812163494912,0.8333812112825871,0.8334137751879389,0.8334137751879389,0.8334137751879389,0.8334137751879389,0.6667129921267705,0.3333734804164834,0.08336737588368237,0.0,0.0,0.0,0.0,0.33330689266087354,0.7499812163494912,0.8333812112825871,0.750013780254843,0.7499812163494912,0.8333812112825871,0.5000742634776518,0.25001724529313485,0.16664986940945248,0.25000610453280103,0.5833129971936746,0.7499812163494912,0.8333812112825871,0.8334137751879389,0.8334137751879389,0.8334137751879389,0.8334137751879389,0.6667129921267705,0.3333734804164834,0.08336737588368237,0.0,0.0,0.0,0.0,0.33330689266087354,0.7499812163494912,0.8333812112825871,0.750013780254843,0.7499812163494912,0.8333812112825871,0.5000742634776518,0.25001724529313485,0.16664986940945248,0.25000610453280103
0.7499812163494912,0.8333812112825871,0.8334137751879389,0.8334137751879389,0.8334137751879389,0.8334137751879389,0.6667129921267705,0.3333734804164834,0.08336737588368237,0.0,0.0,0.0,0.0,0.33330689266087354,0.7499812163494912,0.8333812112825871,0.750013780254843,0.7499812163494912,0.8333812112825871,0.5000742634776518,0.25001724529313485,0.16664986940945248,0.25000610453280103,0.5833129971936746,0.7499812163494912,0.8333812112825871,0.8334137751879389,0.8334137751879389,0.8334137751879389,0.8334137751879389,0.6667129921267705,0.3333734804164834,0.08336737588368237,0.0,0.0,0.0,0.0,0.33330689266087354,0.7499812163494912,0.8333812112825871,0.750013780254843,0.7499812163494912,0.8333812112825871,0.5000742634776518,0.25001724529313485,0.16664986940945248,0.25000610453280103
0.4166743236886177,0.6666605434337747,0.6666931073391265,0.6666931073391265,0.6666931073391265,0.6666931073391265,0.8333938904002949,0.666680373077357,0.4166742685445559,0.33330689266087354,0.33330689266087354,0.33330689266087354,0.33330689266087354,0.0,0.4166743236886177,0.6666605434337747,0.41670688759396945,0.4166743236886177,0.6666605434337747,0.8333811561385254,0.25002439913510344,0.499956762070326,0.4166870028063254,0.25000610453280103,0.4166743236886177,0.6666605434337747,0.6666931073391265,0.6666931073391265,0.6666931073391265,0.6666931073391265,0.8333938904002949,0.666680373077357,0.4166742685445559,0.33330689266087354,0.33330689266087354,0.33330689266087354,0.33330689266087354,0.0,0.4166743236886177,0.6666605434337747,0.41670688759396945,0.4166743236886177,0.6666605434337747,0.8333811561385254,0.25002439913510344,0.499956762070326,0.4166870028063254
0.0,0.249986219745157,0.41660500846256987,0.41660500846256987,0.41660500846256987,0.41660500846256987,0.5833057915237383,0.9166453032340254,0.8333485922331736,0.7499812163494912,0.7499812163494912,0.7499812163494912,0.7499812163494912,0.4166743236886177,0.0,0.249986219745157,0.33335365077290113,0.0,0.249986219745157,0.749944520172857,0.6666987228237211,0.5833313469400387,0.6666264644394548,0.5000544338340696,0.0,0.249986219745157,0.41660500846256987,0.41660500846256987,0.41660500846256987,0.41660500846256987,0.5833057915237383,0.9166453032340254,0.8333485922331736,0.7499812163494912,0.7499812163494912,0.7499812163494912,0.7499812163494912,0.4166743236886177,0.0,0.249986219745157,0.33335365077290113,0.0,0.249986219745157,0.749944520172857,0.6666987228237211,0.5833313469400387,0.6666264644394548
0.249986219745157,0.0,0.16661878871741287,0.16661878871741287,0.16661878871741287,0.16661878871741287,0.3333195717785813,0.6666590834888684,0.9166651880216694,0.8333812112825871,0.8333812112825871,0.8333812112825871,0.8333812112825871,0.6666605434337747,0.249986219745157,0.0,0.41660500846256987,0.249986219745157,0.0,0.49995830042769995,0.916601543424278,0.6667313418731347,0.5833751067497861,0.5833057915237383,0.249986219745157,0.0,0.16661878871741287,0.16661878871741287,0.16661878871741287,0.16661878871741287,0.3333195717785813,0.6666590834888684,0.9166651880216694,0.8333812112825871,0.8333812112825871,0.8333812112825871,0.8333812112825871,0.6666605434337747,0.249986219745157,0.0,0.41660500846256987,0.249986219745157,0.0,0.49995830042769995,0.916601543424278,0.6667313418731347,0.5833751067497861
0.33335365077290113,0.41660500846256987,0.249986219745157,0.249986219745157,0.249986219745157,0.249986219745157,0.4166870028063254,0.5833750516057243,0.6666464043711606,0.750013780254843,0.750013780254843,0.750013780254843,0.750013780254843,0.41670688759396945,0.33335365077290113,0.41660500846256987,0.0,0.33335365077290113,0.41660500846256987,0.4166742685445559,0.49999653496170815,0.7499501356574516,0.8333938904002949,0.16670078306116842,0.33335365077290113,0.41660500846256987,0.249986219745157,0.249986219745157,0.249986219745157,0.249986219745157,0.4166870028063254,0.5833750516057243,0.6666464043711606,0.750013780254843,0.750013780254843,0.750013780254843,0.750013780254843,0.41670688759396945,0.33335365077290113,0.41660500846256987,0.0,0.33335365077290113,0.41660500846256987,0.4166742685445559,0.49999653496170815,0.7499501356574516,0.8333938904002949
0.0,0.249986219745157,0.41660500846256987,0.41660500846256987,0.41660500846256987,0.41660500846256987,0.5833057915237383,0.9166453032340254,0.8333485922331736,0.7499812163494912,0.7499812163494912,0.7499812163494912,0.7499812163494912,0.4166743236886177,0.0,0.249986219745157,0.33335365077290113,0.0,0.249986219745157,0.749944520172857,0.6666987228237211,0.5833313469400387,0.6666264644394548,0.5000544338340696,0.0,0.249986219745157,0.41660500846256987,0.41660500846256987,0.41660500846256987,0.41660500846256987,0.5833057915237383,0.9166453032340254,0.8333485922331736,0.7499812163494912,0.7499812163494912,0.7499812163494912,0.7499812163494912,0.4166743236886177,0.0,0.249986219745157,0.33335365077290113,0.0,0.249986219745157,0.749944520172857,0.6666987228237211,0.5833313469400387,0.6666264644394548
0.249986219745157,0.0,0.16661878871741287,0.16661878871741287,0.16661878871741287,0.16661878871741287,0.3333195717785813,0.6666590834888684,0.9166651880216694,0.8333812112825871,0.8333812112825871,0.8333812112825871,0.8333812112825871,0.6666605434337747,0.249986219745157,0.0,0.41660500846256987,0.249986219745157,0.0,0.49995830042769995,0.916601543424278,0.6667313418731347,0.5833751067497861,0.5833057915237383,0.249986219745157,0.0,0.16661878871741287,0.16661878871741287,0.16661878871741287,0.16661878871741287,0.3333195717785813,0.6666590834888684,0.9166651880216694,0.8333812112825871,0.8333812112825871,0.8333812112825871,0.8333812112825871,0.6666605434337747,0.249986219745157,0.0,0.41660500846256987,0.249986219745157,0.0,0.49995830042769995,0.916601543424278,0.6667313418731347,0.5833751067497861
0.749944520172857,0.49995830042769995,0.3333395117102871,0.3333395117102871,0.3333395117102871,0.3333395117102871,0.16663872864911866,0.16670078306116842,0.41670688759396945,0.5000742634776518,0.5000742634776518,0.5000742634776518,0.5000742634776518,0.8333811561385254,0.749944520172857,0.49995830042769995,0.4166742685445559,0.749944520172857,0.49995830042769995,0.0,0.5833567570034219,0.5000106188802604,0.5833456162430881,0.5833750516057243,0.749944520172857,0.49995830042769995,0.3333395117102871,0.3333395117102871,0.3333395117102871,0.3333395117102871,0.16663872864911866,0.16670078306116842,0.41670688759396945,0.5000742634776518,0.5000742634776518,0.5000742634776518,0.5000742634776518,0.8333811561385254,0.749944520172857,0.49995830042769995,0.4166742685445559,0.749944520172857,0.49995830042769995,0.0,0.5833567570034219,0.5000106188802604,0.5833456162430881
0.6666987228237211,0.916601543424278,0.7499827547068652,0.7499827547068652,0.7499827547068652,0.7499827547068652,0.7499954856525406,0.4166559739422535,0.16664986940945248,0.25001724529313485,0.25001724529313485,0.25001724529313485,0.25001724529313485,0.25002439913510344,0.6666987228237211,0.916601543424278,0.49999653496170815,0.6666987228237211,0.916601543424278,0.5833567570034219,0.0,0.4166671147025873,0.5000233498259359,0.3332957519005397,0.6666987228237211,0.916601543424278,0.7499827547068652,0.7499827547068652,0.7499827547068652,0.7499827547068652,0.7499954856525406,0.4166559739422535,0.16664986940945248,0.25001724529313485,0.25001724529313485,0.25001724529313485,0.25001724529313485,0.25002439913510344,0.6666987228237211,0.916601543424278,0.49999653496170815,0.6666987228237211,0.916601543424278,0.5833567570034219,0.0,0.4166671147025873,0.5000233498259359
0.5833313469400387,0.6667313418731347,0.8333501305905475,0.8333501305905475,0.8333501305905475,0.8333501305905475,0.6666493475293791,0.5000233498259359,0.25001724529313485,0.16664986940945248,0.16664986940945248,0.16664986940945248,0.16664986940945248,0.499956762070326,0.5833313469400387,0.6667313418731347,0.7499501356574516,0.5833313469400387,0.6667313418731347,0.5000106188802604,0.4166671147025873,0.0,0.4166559739422535,0.749962866603127,0.5833313469400387,0.6667313418731347,0.8333501305905475,0.8333501305905475,0.8333501305905475,0.8333501305905475,0.6666493475293791,0.5000233498259359,0.25001724529313485,0.16664986940945248,0.16664986940945248,0.16664986940945248,0.16664986940945248,0.499956762070326,0.5833313469400387,0.6667313418731347,0.7499501356574516,0.5833313469400387,0.6667313418731347,0.5000106188802604,0.4166671147025873,0.0,0.4166559739422535
0.6666264644394548,0.5833751067497861,0.5834076706551379,0.5834076706551379,0.5834076706551379,0.5834076706551379,0.41670688759396945,0.4166448331819197,0.3333734804164834,0.25000610453280103,0.25000610453280103,0.25000610453280103,0.25000610453280103,0.4166870028063254,0.6666264644394548,0.5833751067497861,0.8333938904002949,0.6666264644394548,0.5833751067497861,0.5833456162430881,0.5000233498259359,0.4166559739422535,0.0,0.6666931073391265,0.6666264644394548,0.5833751067497861,0.5834076706551379,0.5834076706551379,0.5834076706551379,0.5834076706551379,0.41670688759396945,0.4166448331819197,0.3333734804164834,0.25000610453280103,0.25000610453280103,0.25000610453280103,0.25000610453280103,0.4166870028063254,0.6666264644394548,0.5833751067497861,0.8333938904002949,0.6666264644394548,0.5833751067497861,0.5833456162430881,0.5000233498259359,0.4166559739422535,0.0
