0.0,0.16661878871741287,0.3333195717785813,0.16661878871741287,0.3333195717785813,0.16661878871741287,0.3333195717785813,0.49995830042769995,0.4166743236886177,0.3333195717785813,0.0,0.16661878871741287,0.3333195717785813,0.16661878871741287,0.3333195717785813,0.16661878871741287,0.3333195717785813,0.49995830042769995,0.4166743236886177,0.0,0.16661878871741287,0.3333195717785813,0.16661878871741287,0.3333195717785813,0.16661878871741287,0.3333195717785813,0.49995830042769995,0.4166743236886177,0.3333195717785813,0.0,0.16661878871741287,0.3333195717785813,0.16661878871741287,0.3333195717785813,0.16661878871741287,0.3333195717785813,0.49995830042769995,0.4166743236886177
0.16661878871741287,0.0,0.16670078306116842,0.0,0.16670078306116842,0.0,0.16670078306116842,0.3333395117102871,0.41670688759396945,0.16670078306116842,0.16661878871741287,0.0,0.16670078306116842,0.0,0.16670078306116842,0.0,0.16670078306116842,0.3333395117102871,0.41670688759396945,0.16661878871741287,0.0,0.16670078306116842,0.0,0.16670078306116842,0.0,0.16670078306116842,0.3333395117102871,0.41670688759396945,0.16670078306116842,0.16661878871741287,0.0,0.16670078306116842,0.0,0.16670078306116842,0.0,0.16670078306116842,0.3333395117102871,0.41670688759396945
0.3333195717785813,0.16670078306116842,0.0,0.16670078306116842,0.0,0.16670078306116842,0.0,0.16663872864911866,0.25000610453280103,0.0,0.3333195717785813,0.16670078306116842,0.0,0.16670078306116842,0.0,0.16670078306116842,0.0,0.16663872864911866,0.25000610453280103,0.3333195717785813,0.16670078306116842,0.0,0.16670078306116842,0.0,0.16670078306116842,0.0,0.16663872864911866,0.25000610453280103,0.0,0.3333195717785813,0.16670078306116842,0.0,0.16670078306116842,0.0,0.16670078306116842,0.0,0.16663872864911866,0.25000610453280103
0.16661878871741287,0.0,0.16670078306116842,0.0,0.16670078306116842,0.0,0.16670078306116842,0.3333395117102871,0.41670688759396945,0.16670078306116842,0.16661878871741287,0.0,0.16670078306116842,0.0,0.16670078306116842,0.0,0.16670078306116842,0.3333395117102871,0.41670688759396945,0.16661878871741287,0.0,0.16670078306116842,0.0,0.16670078306116842,0.0,0.16670078306116842,0.3333395117102871,0.41670688759396945,0.16670078306116842,0.16661878871741287,0.0,0.16670078306116842,0.0,0.16670078306116842,0.0,0.16670078306116842,0.3333395117102871,0.41670688759396945
0.3333195717785813,0.16670078306116842,0.0,0.16670078306116842,0.0,0.16670078306116842,0.0,0.16663872864911866,0.25000610453280103,0.0,0.3333195717785813,0.16670078306116842,0.0,0.16670078306116842,0.0,0.16670078306116842,0.0,0.16663872864911866,0.25000610453280103,0.3333195717785813,0.16670078306116842,0.0,0.16670078306116842,0.0,0.16670078306116842,0.0,0.16663872864911866,0.25000610453280103,0.0,0.3333195717785813,0.16670078306116842,0.0,0.16670078306116842,0.0,0.16670078306116842,0.0,0.16663872864911866,0.25000610453280103
0.16661878871741287,0.0,0.16670078306116842,0.0,0.16670078306116842,0.0,0.16670078306116842,0.3333395117102871,0.41670688759396945,0.16670078306116842,0.16661878871741287,0.0,0.16670078306116842,0.0,0.16670078306116842,0.0,0.16670078306116842,0.3333395117102871,0.41670688759396945,0.16661878871741287,0.0,0.16670078306116842,0.0,0.16670078306116842,0.0,0.16670078306116842,0.3333395117102871,0.41670688759396945,0.16670078306116842,0.16661878871741287,0.0,0.16670078306116842,0.0,0.16670078306116842,0.0,0.16670078306116842,0.3333395117102871,0.41670688759396945
0.3333195717785813,0.16670078306116842,0.0,0.16670078306116842,0.0,0.16670078306116842,0.0,0.16663872864911866,0.25000610453280103,0.0,0.3333195717785813,0.16670078306116842,0.0,0.16670078306116842,0.0,0.16670078306116842,0.0,0.16663872864911866,0.25000610453280103,0.3333195717785813,0.16670078306116842,0.0,0.16670078306116842,0.0,0.16670078306116842,0.0,0.16663872864911866,0.25000610453280103,0.0,0.3333195717785813,0.16670078306116842,0.0,0.16670078306116842,0.0,0.16670078306116842,0.0,0.16663872864911866,0.25000610453280103
0.49995830042769995,0.3333395117102871,0.16663872864911866,0.3333395117102871,0.16663872864911866,0.3333395117102871,0.16663872864911866,0.0,0.08336737588368237,0.16663872864911866,0.49995830042769995,0.3333395117102871,0.16663872864911866,0.3333395117102871,0.16663872864911866,0.3333395117102871,0.16663872864911866,0.0,0.08336737588368237,0.49995830042769995,0.3333395117102871,0.16663872864911866,0.3333395117102871,0.16663872864911866,0.3333395117102871,0.16663872864911866,0.0,0.08336737588368237,0.16663872864911866,0.49995830042769995,0.3333395117102871,0.16663872864911866,0.3333395117102871,0.16663872864911866,0.3333395117102871,0.16663872864911866,0.0,0.08336737588368237
0.4166743236886177,0.41670688759396945,0.25000610453280103,0.41670688759396945,0.25000610453280103,0.41670688759396945,0.25000610453280103,0.08336737588368237,0.0,0.25000610453280103,0.4166743236886177,0.41670688759396945,0.25000610453280103,0.41670688759396945,0.25000610453280103,0.41670688759396945,0.25000610453280103,0.08336737588368237,0.0,0.4166743236886177,0.41670688759396945,0.25000610453280103,0.41670688759396945,0.25000610453280103,0.41670688759396945,0.25000610453280103,0.08336737588368237,0.0,0.25000610453280103,0.4166743236886177,0.41670688759396945,0.25000610453280103,0.41670688759396945,0.25000610453280103,0.41670688759396945,0.25000610453280103,0.08336737588368237,0.0
0.3333195717785813,0.16670078306116842,0.0,0.16670078306116842,0.0,0.16670078306116842,0.0,0.16663872864911866,0.25000610453280103,0.0,0.3333195717785813,0.16670078306116842,0.0,0.16670078306116842,0.0,0.16670078306116842,0.0,0.16663872864911866,0.25000610453280103,0.3333195717785813,0.16670078306116842,0.0,0.16670078306116842,0.0,0.16670078306116842,0.0,0.16663872864911866,0.25000610453280103,0.0,0.3333195717785813,0.16670078306116842,0.0,0.16670078306116842,0.0,0.16670078306116842,0.0,0.16663872864911866,0.25000610453280103
0.0,0.16661878871741287,0.3333195717785813,0.16661878871741287,0.3333195717785813,0.16661878871741287,0.3333195717785813,0.49995830042769995,0.4166743236886177,0.3333195717785813,0.0,0.16661878871741287,0.3333195717785813,0.16661878871741287,0.3333195717785813,0.16661878871741287,0.3333195717785813,0.49995830042769995,0.4166743236886177,0.0,0.16661878871741287,0.3333195717785813,0.16661878871741287,0.3333195717785813,0.16661878871741287,0.3333195717785813,0.49995830042769995,0.4166743236886177,0.3333195717785813,0.0,0.16661878871741287,0.3333195717785813,0.16661878871741287,0.3333195717785813,0.16661878871741287,0.3333195717785813,0.49995830042769995,0.4166743236886177
0.16661878871741287,0.0,0.16670078306116842,0.0,0.16670078306116842,0.0,0.16670078306116842,0.3333395117102871,0.41670688759396945,0.16670078306116842,0.16661878871741287,0.0,0.16670078306116842,0.0,0.16670078306116842,0.0,0.16670078306116842,0.3333395117102871,0.41670688759396945,0.16661878871741287,0.0,0.16670078306116842,0.0,0.16670078306116842,0.0,0.16670078306116842,0.3333395117102871,0.41670688759396945,0.16670078306116842,0.16661878871741287,0.0,0.16670078306116842,0.0,0.16670078306116842,0.0,0.16670078306116842,0.3333395117102871,0.41670688759396945
0.3333195717785813,0.16670078306116842,0.0,0.16670078306116842,0.0,0.16670078306116842,0.0,0.16663872864911866,0.25000610453280103,0.0,0.3333195717785813,0.16670078306116842,0.0,0.16670078306116842,0.0,0.16670078306116842,0.0,0.16663872864911866,0.25000610453280103,0.3333195717785813,0.16670078306116842,0.0,0.16670078306116842,0.0,0.16670078306116842,0.0,0.16663872864911866,0.25000610453280103,0.0,0.3333195717785813,0.16670078306116842,0.0,0.16670078306116842,0.0,0.16670078306116842,0.0,0.16663872864911866,0.25000610453280103
0.16661878871741287,0.0,0.16670078306116842,0.0,0.16670078306116842,0.0,0.16670078306116842,0.3333395117102871,0.41670688759396945,0.16670078306116842,0.16661878871741287,0.0,0.16670078306116842,0.0,0.16670078306116842,0.0,0.16670078306116842,0.3333395117102871,0.41670688759396945,0.16661878871741287,0.0,0.16670078306116842,0.0,0.16670078306116842,0.0,0.16670078306116842,0.3333395117102871,0.41670688759396945,0.16670078306116842,0.16661878871741287,0.0,0.16670078306116842,0.0,0.16670078306116842,0.0,0.16670078306116842,0.3333395117102871,0.41670688759396945
0.3333195717785813,0.16670078306116842,0.0,0.16670078306116842,0.0,0.16670078306116842,0.0,0.16663872864911866,0.25000610453280103,0.0,0.3333195717785813,0.16670078306116842,0.0,0.16670078306116842,0.0,0.16670078306116842,0.0,0.16663872864911866,0.25000610453280103,0.3333195717785813,0.16670078306116842,0.0,0.16670078306116842,0.0,0.16670078306116842,0.0,0.16663872864911866,0.25000610453280103,0.0,0.3333195717785813,0.16670078306116842,0.0,0.16670078306116842,0.0,0.16670078306116842,0.0,0.16663872864911866,0.25000610453280103
0.16661878871741287,0.0,0.16670078306116842,0.0,0.16670078306116842,0.0,0.16670078306116842,0.3333395117102871,0.41670688759396945,0.16670078306116842,0.16661878871741287,0.0,0.16670078306116842,0.0,0.16670078306116842,0.0,0.16670078306116842,0.3333395117102871,0.41670688759396945,0.16661878871741287,0.0,0.16670078306116842,0.0,0.16670078306116842,0.0,0.16670078306116842,0.3333395117102871,0.41670688759396945,0.16670078306116842,0.16661878871741287,0.0,0.16670078306116842,0.0,0.16670078306116842,0.0,0.16670078306116842,0.3333395117102871,0.41670688759396945
0.3333195717785813,0.16670078306116842,0.0,0.16670078306116842,0.0,0.16670078306116842,0.0,0.16663872864911866,0.25000610453280103,0.0,0.3333195717785813,0.16670078306116842,0.0,0.16670078306116842,0.0,0.16670078306116842,0.0,0.16663872864911866,0.25000610453280103,0.3333195717785813,0.16670078306116842,0.0,0.16670078306116842,0.0,0.16670078306116842,0.0,0.16663872864911866,0.25000610453280103,0.0,0.3333195717785813,0.16670078306116842,0.0,0.16670078306116842,0.0,0.16670078306116842,0.0,0.16663872864911866,0.25000610453280103
0.49995830042769995,0.3333395117102871,0.16663872864911866,0.3333395117102871,0.16663872864911866,0.3333395117102871,0.16663872864911866,0.0,0.08336737588368237,0.16663872864911866,0.49995830042769995,0.3333395117102871,0.16663872864911866,0.3333395117102871,0.16663872864911866,0.3333395117102871,0.16663872864911866,0.0,0.08336737588368237,0.49995830042769995,0.3333395117102871,0.16663872864911866,0.3333395117102871,0.16663872864911866,0.3333395117102871,0.16663872864911866,0.0,0.08336737588368237,0.16663872864911866,0.49995830042769995,0.3333395117102871,0.16663872864911866,0.3333395117102871,0.16663872864911866,0.3333395117102871,0.16663872864911866,0.0,0.08336737588368237
0.4166743236886177,0.41670688759396945,0.25000610453280103,0.41670688759396945,0.25000610453280103,0.41670688759396945,0.25000610453280103,0.08336737588368237,0.0,0.25000610453280103,0.4166743236886177,0.41670688759396945,0.25000610453280103,0.41670688759396945,0.25000610453280103,0.41670688759396945,0.25000610453280103,0.08336737588368237,0.0,0.4166743236886177,0.41670688759396945,0.25000610453280103,0.41670688759396945,0.25000610453280103,0.41670688759396945,0.25000610453280103,0.08336737588368237,0.0,0.25000610453280103,0.4166743236886177,0.41670688759396945,0.25000610453280103,0.41670688759396945,0.25000610453280103,0.41670688759396945,0.25000610453280103,0.08336737588368237,0.0
0.0,0.16661878871741287,0.3333195717785813,0.16661878871741287,0.3333195717785813,0.16661878871741287,0.3333195717785813,0.49995830042769995,0.4166743236886177,0.3333195717785813,0.0,0.16661878871741287,0.3333195717785813,0.16661878871741287,0.3333195717785813,0.16661878871741287,0.3333195717785813,0.49995830042769995,0.4166743236886177,0.0,0.16661878871741287,0.3333195717785813,0.16661878871741287,0.3333195717785813,0.16661878871741287,0.3333195717785813,0.49995830042769995,0.4166743236886177,0.3333195717785813,0.0,0.16661878871741287,0.3333195717785813,0.16661878871741287,0.3333195717785813,0.16661878871741287,0.3333195717785813,0.49995830042769995,0.4166743236886177
0.16661878871741287,0.0,0.16670078306116842,0.0,0.16670078306116842,0.0,0.16670078306116842,0.3333395117102871,0.41670688759396945,0.16670078306116842,0.16661878871741287,0.0,0.16670078306116842,0.0,0.16670078306116842,0.0,0.16670078306116842,0.3333395117102871,0.41670688759396945,0.16661878871741287,0.0,0.16670078306116842,0.0,0.16670078306116842,0.0,0.16670078306116842,0.3333395117102871,0.41670688759396945,0.16670078306116842,0.16661878871741287,0.0,0.16670078306116842,0.0,0.16670078306116842,0.0,0.16670078306116842,0.3333395117102871,0.41670688759396945
0.3333195717785813,0.16670078306116842,0.0,0.16670078306116842,0.0,0.16670078306116842,0.0,0.16663872864911866,0.25000610453280103,0.0,0.3333195717785813,0.16670078306116842,0.0,0.16670078306116842,0.0,0.16670078306116842,0.0,0.16663872864911866,0.25000610453280103,0.3333195717785813,0.16670078306116842,0.0,0.16670078306116842,0.0,0.16670078306116842,0.0,0.16663872864911866,0.25000610453280103,0.0,0.3333195717785813,0.16670078306116842,0.0,0.16670078306116842,0.0,0.16670078306116842,0.0,0.16663872864911866,0.25000610453280103
0.16661878871741287,0.0,0.16670078306116842,0.0,0.16670078306116842,0.0,0.16670078306116842,0.3333395117102871,0.41670688759396945,0.16670078306116842,0.16661878871741287,0.0,0.16670078306116842,0.0,0.16670078306116842,0.0,0.16670078306116842,0.3333395117102871,0.41670688759396945,0.16661878871741287,0.0,0.16670078306116842,0.0,0.16670078306116842,0.0,0.16670078306116842,0.3333395117102871,0.41670688759396945,0.16670078306116842,0.16661878871741287,0.0,0.16670078306116842,0.0,0.16670078306116842,0.0,0.16670078306116842,0.3333395117102871,0.41670688759396945
0.3333195717785813,0.16670078306116842,0.0,0.16670078306116842,0.0,0.16670078306116842,0.0,0.16663872864911866,0.25000610453280103,0.0,0.3333195717785813,0.16670078306116842,0.0,0.16670078306116842,0.0,0.16670078306116842,0.0,0.16663872864911866,0.25000610453280103,0.3333195717785813,0.16670078306116842,0.0,0.16670078306116842,0.0,0.16670078306116842,0.0,0.16663872864911866,0.25000610453280103,0.0,0.3333195717785813,0.16670078306116842,0.0,0.16670078306116842,0.0,0.16670078306116842,0.0,0.16663872864911866,0.25000610453280103
0.16661878871741287,0.0,0.16670078306116842,0.0,0.16670078306116842,0.0,0.16670078306116842,0.3333395117102871,0.41670688759396945,0.16670078306116842,0.16661878871741287,0.0,0.16670078306116842,0.0,0.16670078306116842,0.0,0.16670078306116842,0.3333395117102871,0.41670688759396945,0.16661878871741287,0.0,0.16670078306116842,0.0,0.16670078306116842,0.0,0.16670078306116842,0.3333395117102871,0.41670688759396945,0.16670078306116842,0.16661878871741287,0.0,0.16670078306116842,0.0,0.16670078306116842,0.0,0.16670078306116842,0.3333395117102871,0.41670688759396945
0.3333195717785813,0.16670078306116842,0.0,0.16670078306116842,0.0,0.16670078306116842,0.0,0.16663872864911866,0.25000610453280103,0.0,0.3333195717785813,0.16670078306116842,0.0,0.16670078306116842,0.0,0.16670078306116842,0.0,0.16663872864911866,0.25000610453280103,0.3333195717785813,0.16670078306116842,0.0,0.16670078306116842,0.0,0.16670078306116842,0.0,0.16663872864911866,0.25000610453280103,0.0,0.3333195717785813,0.16670078306116842,0.0,0.16670078306116842,0.0,0.16670078306116842,0.0,0.16663872864911866,0.25000610453280103
0.49995830042769995,0.3333395117102871,0.16663872864911866,0.3333395117102871,0.16663872864911866,0.3333395117102871,0.16663872864911866,0.0,0.08336737588368237,0.16663872864911866,0.49995830042769995,0.3333395117102871,0.16663872864911866,0.3333395117102871,0.16663872864911866,0.3333395117102871,0.16663872864911866,0.0,0.08336737588368237,0.49995830042769995,0.3333395117102871,0.16663872864911866,0.3333395117102871,0.16663872864911866,0.3333395117102871,0.16663872864911866,0.0,0.08336737588368237,0.16663872864911866,0.49995830042769995,0.3333395117102871,0.16663872864911866,0.3333395117102871,0.16663872864911866,0.3333395117102871,0.16663872864911866,0.0,0.08336737588368237
0.4166743236886177,0.41670688759396945,0.25000610453280103,0.41670688759396945,0.25000610453280103,0.41670688759396945,0.25000610453280103,0.08336737588368237,0.0,0.25000610453280103,0.4166743236886177,0.41670688759396945,0.25000610453280103,0.41670688759396945,0.25000610453280103,0.41670688759396945,0.25000610453280103,0.08336737588368237,0.0,0.4166743236886177,0.41670688759396945,0.25000610453280103,0.41670688759396945,0.25000610453280103,0.41670688759396945,0.25000610453280103,0.08336737588368237,0.0,0.25000610453280103,0.4166743236886177,0.41670688759396945,0.25000610453280103,0.41670688759396945,0.25000610453280103,0.41670688759396945,0.25000610453280103,0.08336737588368237,0.0
0.3333195717785813,0.16670078306116842,0.0,0.16670078306116842,0.0,0.16670078306116842,0.0,0.16663872864911866,0.25000610453280103,0.0,0.3333195717785813,0.16670078306116842,0.0,0.16670078306116842,0.0,0.16670078306116842,0.0,0.16663872864911866,0.25000610453280103,0.3333195717785813,0.16670078306116842,0.0,0.16670078306116842,0.0,0.16670078306116842,0.0,0.16663872864911866,0.25000610453280103,0.0,0.3333195717785813,0.16670078306116842,0.0,0.16670078306116842,0.0,0.16670078306116842,0.0,0.16663872864911866,0.25000610453280103
0.0,0.16661878871741287,0.3333195717785813,0.16661878871741287,0.3333195717785813,0.16661878871741287,0.3333195717785813,0.49995830042769995,0.4166743236886177,0.3333195717785813,0.0,0.16661878871741287,0.3333195717785813,0.16661878871741287,0.3333195717785813,0.16661878871741287,0.3333195717785813,0.49995830042769995,0.4166743236886177,0.0,0.16661878871741287,0.3333195717785813,0.16661878871741287,0.3333195717785813,0.16661878871741287,0.3333195717785813,0.49995830042769995,0.4166743236886177,0.3333195717785813,0.0,0.16661878871741287,0.3333195717785813,0.16661878871741287,0.3333195717785813,0.16661878871741287,0.3333195717785813,0.49995830042769995,0.4166743236886177
0.16661878871741287,0.0,0.16670078306116842,0.0,0.16670078306116842,0.0,0.16670078306116842,0.3333395117102871,0.41670688759396945,0.16670078306116842,0.16661878871741287,0.0,0.16670078306116842,0.0,0.16670078306116842,0.0,0.16670078306116842,0.3333395117102871,0.41670688759396945,0.16661878871741287,0.0,0.16670078306116842,0.0,0.16670078306116842,0.0,0.16670078306116842,0.3333395117102871,0.41670688759396945,0.16670078306116842,0.16661878871741287,0.0,0.16670078306116842,0.0,0.16670078306116842,0.0,0.16670078306116842,0.3333395117102871,0.41670688759396945
0.3333195717785813,0.16670078306116842,0.0,0.16670078306116842,0.0,0.16670078306116842,0.0,0.16663872864911866,0.25000610453280103,0.0,0.3333195717785813,0.16670078306116842,0.0,0.16670078306116842,0.0,0.16670078306116842,0.0,0.16663872864911866,0.25000610453280103,0.3333195717785813,0.16670078306116842,0.0,0.16670078306116842,0.0,0.16670078306116842,0.0,0.16663872864911866,0.25000610453280103,0.0,0.3333195717785813,0.16670078306116842,0.0,0.16670078306116842,0.0,0.16670078306116842,0.0,0.16663872864911866,0.25000610453280103
0.16661878871741287,0.0,0.16670078306116842,0.0,0.16670078306116842,0.0,0.16670078306116842,0.3333395117102871,0.41670688759396945,0.16670078306116842,0.16661878871741287,0.0,0.16670078306116842,0.0,0.16670078306116842,0.0,0.16670078306116842,0.3333395117102871,0.41670688759396945,0.16661878871741287,0.0,0.16670078306116842,0.0,0.16670078306116842,0.0,0.16670078306116842,0.3333395117102871,0.41670688759396945,0.16670078306116842,0.16661878871741287,0.0,0.16670078306116842,0.0,0.16670078306116842,0.0,0.16670078306116842,0.3333395117102871,0.41670688759396945
0.3333195717785813,0.16670078306116842,0.0,0.16670078306116842,0.0,0.16670078306116842,0.0,0.16663872864911866,0.25000610453280103,0.0,0.3333195717785813,0.16670078306116842,0.0,0.16670078306116842,0.0,0.16670078306116842,0.0,0.16663872864911866,0.25000610453280103,0.3333195717785813,0.16670078306116842,0.0,0.16670078306116842,0.0,0.16670078306116842,0.0,0.16663872864911866,0.25000610453280103,0.0,0.3333195717785813,0.16670078306116842,0.0,0.16670078306116842,0.0,0.16670078306116842,0.0,0.16663872864911866,0.25000610453280103
0.16661878871741287,0.0,0.16670078306116842,0.0,0.16670078306116842,0.0,0.16670078306116842,0.3333395117102871,0.41670688759396945,0.16670078306116842,0.16661878871741287,0.0,0.16670078306116842,0.0,0.16670078306116842,0.0,0.16670078306116842,0.3333395117102871,0.41670688759396945,0.16661878871741287,0.0,0.16670078306116842,0.0,0.16670078306116842,0.0,0.16670078306116842,0.3333395117102871,0.41670688759396945,0.16670078306116842,0.16661878871741287,0.0,0.16670078306116842,0.0,0.16670078306116842,0.0,0.16670078306116842,0.3333395117102871,0.41670688759396945
0.3333195717785813,0.16670078306116842,0.0,0.16670078306116842,0.0,0.16670078306116842,0.0,0.16663872864911866,0.25000610453280103,0.0,0.3333195717785813,0.16670078306116842,0.0,0.16670078306116842,0.0,0.16670078306116842,0.0,0.16663872864911866,0.25000610453280103,0.3333195717785813,0.16670078306116842,0.0,0.16670078306116842,0.0,0.16670078306116842,0.0,0.16663872864911866,0.25000610453280103,0.0,0.3333195717785813,0.16670078306116842,0.0,0.16670078306116842,0.0,0.16670078306116842,0.0,0.16663872864911866,0.25000610453280103
0.49995830042769995,0.3333395117102871,0.16663872864911866,0.3333395117102871,0.16663872864911866,0.3333395117102871,0.16663872864911866,0.0,0.08336737588368237,0.16663872864911866,0.49995830042769995,0.3333395117102871,0.16663872864911866,0.3333395117102871,0.16663872864911866,0.3333395117102871,0.16663872864911866,0.0,0.08336737588368237,0.49995830042769995,0.3333395117102871,0.16663872864911866,0.3333395117102871,0.16663872864911866,0.3333395117102871,0.16663872864911866,0.0,0.08336737588368237,0.16663872864911866,0.49995830042769995,0.3333395117102871,0.16663872864911866,0.3333395117102871,0.16663872864911866,0.3333395117102871,0.16663872864911866,0.0,0.08336737588368237
0.4166743236886177,0.41670688759396945,0.25000610453280103,0.41670688759396945,0.25000610453280103,0.41670688759396945,0.25000610453280103,0.08336737588368237,0.0,0.25000610453280103,0.4166743236886177,0.41670688759396945,0.25000610453280103,0.41670688759396945,0.25000610453280103,0.41670688759396945,0.25000610453280103,0.08336737588368237,0.0,0.4166743236886177,0.41670688759396945,0.25000610453280103,0.41670688759396945,0.25000610453280103,0.41670688759396945,0.25000610453280103,0.08336737588368237,0.0,0.25000610453280103,0.4166743236886177,0.41670688759396945,0.25000610453280103,0.41670688759396945,0.25000610453280103,0.41670688759396945,0.25000610453280103,0.08336737588368237,0.0
