0.0,0.2500244542791652,0.0,0.2500244542791652,0.0,0.2500244542791652,0.41664324299657807,0.41664324299657807,0.41664324299657807,0.3333260272333547,0.41664324299657807,0.2500244542791652,0.41664324299657807,0.2500244542791652,0.0,0.2500244542791652,0.41664324299657807,0.41664324299657807,0.3333260272333547,0.41664324299657807,0.2500244542791652,0.0,0.2500244542791652,0.41664324299657807,0.41664324299657807,0.3333260272333547,0.16664986940945248,0.0,0.16665702325142107,0.2500244542791652,0.0,0.2500244542791652,0.41664324299657807,0.4166559739422535,0.3333260272333547
0.2500244542791652,0.0,0.2500244542791652,0.0,0.2500244542791652,0.0,0.16661878871741287,0.16661878871741287,0.16661878871741287,0.4166495184874801,0.16661878871741287,0.0,0.16661878871741287,0.0,0.2500244542791652,0.0,0.16661878871741287,0.16661878871741287,0.4166495184874801,0.16661878871741287,0.0,0.2500244542791652,0.0,0.16661878871741287,0.16661878871741287,0.4166495184874801,0.4166743236886177,0.2500244542791652,0.08336743102774413,0.0,0.2500244542791652,0.0,0.16661878871741287,0.3333195717785813,0.4166495184874801
0.0,0.2500244542791652,0.0,0.2500244542791652,0.0,0.2500244542791652,0.41664324299657807,0.41664324299657807,0.41664324299657807,0.3333260272333547,0.41664324299657807,0.2500244542791652,0.41664324299657807,0.2500244542791652,0.0,0.2500244542791652,0.41664324299657807,0.41664324299657807,0.3333260272333547,0.41664324299657807,0.2500244542791652,0.0,0.2500244542791652,0.41664324299657807,0.41664324299657807,0.3333260272333547,0.16664986940945248,0.0,0.16665702325142107,0.2500244542791652,0.0,0.2500244542791652,0.41664324299657807,0.4166559739422535,0.3333260272333547
0.2500244542791652,0.0,0.2500244542791652,0.0,0.2500244542791652,0.0,0.16661878871741287,0.16661878871741287,0.16661878871741287,0.4166495184874801,0.16661878871741287,0.0,0.16661878871741287,0.0,0.2500244542791652,0.0,0.16661878871741287,0.16661878871741287,0.4166495184874801,0.16661878871741287,0.0,0.2500244542791652,0.0,0.16661878871741287,0.16661878871741287,0.4166495184874801,0.4166743236886177,0.2500244542791652,0.08336743102774413,0.0,0.2500244542791652,0.0,0.16661878871741287,0.3333195717785813,0.4166495184874801
0.0,0.2500244542791652,0.0,0.2500244542791652,0.0,0.2500244542791652,0.41664324299657807,0.41664324299657807,0.41664324299657807,0.3333260272333547,0.41664324299657807,0.2500244542791652,0.41664324299657807,0.2500244542791652,0.0,0.2500244542791652,0.41664324299657807,0.41664324299657807,0.3333260272333547,0.41664324299657807,0.2500244542791652,0.0,0.2500244542791652,0.41664324299657807,0.41664324299657807,0.3333260272333547,0.16664986940945248,0.0,0.16665702325142107,0.2500244542791652,0.0,0.2500244542791652,0.41664324299657807,0.4166559739422535,0.3333260272333547
0.2500244542791652,0.0,0.2500244542791652,0.0,0.2500244542791652,0.0,0.16661878871741287,0.16661878871741287,0.16661878871741287,0.4166495184874801,0.16661878871741287,0.0,0.16661878871741287,0.0,0.2500244542791652,0.0,0.16661878871741287,0.16661878871741287,0.4166495184874801,0.16661878871741287,0.0,0.2500244542791652,0.0,0.16661878871741287,0.16661878871741287,0.4166495184874801,0.4166743236886177,0.2500244542791652,0.08336743102774413,0.0,0.2500244542791652,0.0,0.16661878871741287,0.3333195717785813,0.4166495184874801
0.41664324299657807,0.16661878871741287,0.41664324299657807,0.16661878871741287,0.41664324299657807,0.16661878871741287,0.0,0.0,0.0,0.25003072977006724,0.0,0.16661878871741287,0.0,0.16661878871741287,0.41664324299657807,0.16661878871741287,0.0,0.0,0.25003072977006724,0.0,0.16661878871741287,0.41664324299657807,0.16661878871741287,0.0,0.0,0.25003072977006724,0.41670688759396945,0.41664324299657807,0.249986219745157,0.16661878871741287,0.41664324299657807,0.16661878871741287,0.0,0.16670078306116842,0.25003072977006724
0.41664324299657807,0.16661878871741287,0.41664324299657807,0.16661878871741287,0.41664324299657807,0.16661878871741287,0.0,0.0,0.0,0.25003072977006724,0.0,0.16661878871741287,0.0,0.16661878871741287,0.41664324299657807,0.16661878871741287,0.0,0.0,0.25003072977006724,0.0,0.16661878871741287,0.41664324299657807,0.16661878871741287,0.0,0.0,0.25003072977006724,0.41670688759396945,0.41664324299657807,0.249986219745157,0.16661878871741287,0.41664324299657807,0.16661878871741287,0.0,0.16670078306116842,0.25003072977006724
0.41664324299657807,0.16661878871741287,0.41664324299657807,0.16661878871741287,0.41664324299657807,0.16661878871741287,0.0,0.0,0.0,0.25003072977006724,0.0,0.16661878871741287,0.0,0.16661878871741287,0.41664324299657807,0.16661878871741287,0.0,0.0,0.25003072977006724,0.0,0.16661878871741287,0.41664324299657807,0.16661878871741287,0.0,0.0,0.25003072977006724,0.41670688759396945,0.41664324299657807,0.249986219745157,0.16661878871741287,0.41664324299657807,0.16661878871741287,0.0,0.16670078306116842,0.25003072977006724
0.3333260272333547,0.4166495184874801,0.3333260272333547,0.4166495184874801,0.3333260272333547,0.4166495184874801,0.25003072977006724,0.25003072977006724,0.25003072977006724,0.0,0.25003072977006724,0.4166495184874801,0.25003072977006724,0.4166495184874801,0.3333260272333547,0.4166495184874801,0.25003072977006724,0.25003072977006724,0.0,0.25003072977006724,0.4166495184874801,0.3333260272333547,0.4166495184874801,0.25003072977006724,0.25003072977006724,0.0,0.16667615782390222,0.3333260272333547,0.49998305048477576,0.4166495184874801,0.3333260272333547,0.4166495184874801,0.25003072977006724,0.08332994670889882,0.0
0.41664324299657807,0.16661878871741287,0.41664324299657807,0.16661878871741287,0.41664324299657807,0.16661878871741287,0.0,0.0,0.0,0.25003072977006724,0.0,0.16661878871741287,0.0,0.16661878871741287,0.41664324299657807,0.16661878871741287,0.0,0.0,0.25003072977006724,0.0,0.16661878871741287,0.41664324299657807,0.16661878871741287,0.0,0.0,0.25003072977006724,0.41670688759396945,0.41664324299657807,0.249986219745157,0.16661878871741287,0.41664324299657807,0.16661878871741287,0.0,0.16670078306116842,0.25003072977006724
0.2500244542791652,0.0,0.2500244542791652,0.0,0.2500244542791652,0.0,0.16661878871741287,0.16661878871741287,0.16661878871741287,0.4166495184874801,0.16661878871741287,0.0,0.16661878871741287,0.0,0.2500244542791652,0.0,0.16661878871741287,0.16661878871741287,0.4166495184874801,0.16661878871741287,0.0,0.2500244542791652,0.0,0.16661878871741287,0.16661878871741287,0.4166495184874801,0.4166743236886177,0.2500244542791652,0.08336743102774413,0.0,0.2500244542791652,0.0,0.16661878871741287,0.3333195717785813,0.4166495184874801
0.41664324299657807,0.16661878871741287,0.41664324299657807,0.16661878871741287,0.41664324299657807,0.16661878871741287,0.0,0.0,0.0,0.25003072977006724,0.0,0.16661878871741287,0.0,0.16661878871741287,0.41664324299657807,0.16661878871741287,0.0,0.0,0.25003072977006724,0.0,0.16661878871741287,0.41664324299657807,0.16661878871741287,0.0,0.0,0.25003072977006724,0.41670688759396945,0.41664324299657807,0.249986219745157,0.16661878871741287,0.41664324299657807,0.16661878871741287,0.0,0.16670078306116842,0.25003072977006724
0.2500244542791652,0.0,0.2500244542791652,0.0,0.2500244542791652,0.0,0.16661878871741287,0.16661878871741287,0.16661878871741287,0.4166495184874801,0.16661878871741287,0.0,0.16661878871741287,0.0,0.2500244542791652,0.0,0.16661878871741287,0.16661878871741287,0.4166495184874801,0.16661878871741287,0.0,0.2500244542791652,0.0,0.16661878871741287,0.16661878871741287,0.4166495184874801,0.4166743236886177,0.2500244542791652,0.08336743102774413,0.0,0.2500244542791652,0.0,0.16661878871741287,0.3333195717785813,0.4166495184874801
0.0,0.2500244542791652,0.0,0.2500244542791652,0.0,0.2500244542791652,0.41664324299657807,0.41664324299657807,0.41664324299657807,0.3333260272333547,0.41664324299657807,0.2500244542791652,0.41664324299657807,0.2500244542791652,0.0,0.2500244542791652,0.41664324299657807,0.41664324299657807,0.3333260272333547,0.41664324299657807,0.2500244542791652,0.0,0.2500244542791652,0.41664324299657807,0.41664324299657807,0.3333260272333547,0.16664986940945248,0.0,0.16665702325142107,0.2500244542791652,0.0,0.2500244542791652,0.41664324299657807,0.4166559739422535,0.3333260272333547
0.2500244542791652,0.0,0.2500244542791652,0.0,0.2500244542791652,0.0,0.16661878871741287,0.16661878871741287,0.16661878871741287,0.4166495184874801,0.16661878871741287,0.0,0.16661878871741287,0.0,0.2500244542791652,0.0,0.16661878871741287,0.16661878871741287,0.4166495184874801,0.16661878871741287,0.0,0.2500244542791652,0.0,0.16661878871741287,0.16661878871741287,0.4166495184874801,0.4166743236886177,0.2500244542791652,0.08336743102774413,0.0,0.2500244542791652,0.0,0.16661878871741287,0.3333195717785813,0.4166495184874801
0.41664324299657807,0.16661878871741287,0.41664324299657807,0.16661878871741287,0.41664324299657807,0.16661878871741287,0.0,0.0,0.0,0.25003072977006724,0.0,0.16661878871741287,0.0,0.16661878871741287,0.41664324299657807,0.16661878871741287,0.0,0.0,0.25003072977006724,0.0,0.16661878871741287,0.41664324299657807,0.16661878871741287,0.0,0.0,0.25003072977006724,0.41670688759396945,0.41664324299657807,0.249986219745157,0.16661878871741287,0.41664324299657807,0.16661878871741287,0.0,0.16670078306116842,0.25003072977006724
0.41664324299657807,0.16661878871741287,0.41664324299657807,0.16661878871741287,0.41664324299657807,0.16661878871741287,0.0,0.0,0.0,0.25003072977006724,0.0,0.16661878871741287,0.0,0.16661878871741287,0.41664324299657807,0.16661878871741287,0.0,0.0,0.25003072977006724,0.0,0.16661878871741287,0.41664324299657807,0.16661878871741287,0.0,0.0,0.25003072977006724,0.41670688759396945,0.41664324299657807,0.249986219745157,0.16661878871741287,0.41664324299657807,0.16661878871741287,0.0,0.16670078306116842,0.25003072977006724
0.3333260272333547,0.4166495184874801,0.3333260272333547,0.4166495184874801,0.3333260272333547,0.4166495184874801,0.25003072977006724,0.25003072977006724,0.25003072977006724,0.0,0.25003072977006724,0.4166495184874801,0.25003072977006724,0.4166495184874801,0.3333260272333547,0.4166495184874801,0.25003072977006724,0.25003072977006724,0.0,0.25003072977006724,0.4166495184874801,0.3333260272333547,0.4166495184874801,0.25003072977006724,0.25003072977006724,0.0,0.16667615782390222,0.3333260272333547,0.49998305048477576,0.4166495184874801,0.3333260272333547,0.4166495184874801,0.25003072977006724,0.08332994670889882,0.0
0.41664324299657807,0.16661878871741287,0.41664324299657807,0.16661878871741287,0.41664324299657807,0.16661878871741287,0.0,0.0,0.0,0.25003072977006724,0.0,0.16661878871741287,0.0,0.16661878871741287,0.41664324299657807,0.16661878871741287,0.0,0.0,0.25003072977006724,0.0,0.16661878871741287,0.41664324299657807,0.16661878871741287,0.0,0.0,0.25003072977006724,0.41670688759396945,0.41664324299657807,0.249986219745157,0.16661878871741287,0.41664324299657807,0.16661878871741287,0.0,0.16670078306116842,0.25003072977006724
0.2500244542791652,0.0,0.2500244542791652,0.0,0.2500244542791652,0.0,0.16661878871741287,0.16661878871741287,0.16661878871741287,0.4166495184874801,0.16661878871741287,0.0,0.16661878871741287,0.0,0.2500244542791652,0.0,0.16661878871741287,0.16661878871741287,0.4166495184874801,0.16661878871741287,0.0,0.2500244542791652,0.0,0.16661878871741287,0.16661878871741287,0.4166495184874801,0.4166743236886177,0.2500244542791652,0.08336743102774413,0.0,0.2500244542791652,0.0,0.16661878871741287,0.3333195717785813,0.4166495184874801
0.0,0.2500244542791652,0.0,0.2500244542791652,0.0,0.2500244542791652,0.41664324299657807,0.41664324299657807,0.41664324299657807,0.3333260272333547,0.41664324299657807,0.2500244542791652,0.41664324299657807,0.2500244542791652,0.0,0.2500244542791652,0.41664324299657807,0.41664324299657807,0.3333260272333547,0.41664324299657807,0.2500244542791652,0.0,0.2500244542791652,0.41664324299657807,0.41664324299657807,0.3333260272333547,0.16664986940945248,0.0,0.16665702325142107,0.2500244542791652,0.0,0.2500244542791652,0.41664324299657807,0.4166559739422535,0.3333260272333547
0.2500244542791652,0.0,0.2500244542791652,0.0,0.2500244542791652,0.0,0.16661878871741287,0.16661878871741287,0.16661878871741287,0.4166495184874801,0.16661878871741287,0.0,0.16661878871741287,0.0,0.2500244542791652,0.0,0.16661878871741287,0.16661878871741287,0.4166495184874801,0.16661878871741287,0.0,0.2500244542791652,0.0,0.16661878871741287,0.16661878871741287,0.4166495184874801,0.4166743236886177,0.2500244542791652,0.08336743102774413,0.0,0.2500244542791652,0.0,0.16661878871741287,0.3333195717785813,0.4166495184874801
0.41664324299657807,0.16661878871741287,0.41664324299657807,0.16661878871741287,0.41664324299657807,0.16661878871741287,0.0,0.0,0.0,0.25003072977006724,0.0,0.16661878871741287,0.0,0.16661878871741287,0.41664324299657807,0.16661878871741287,0.0,0.0,0.25003072977006724,0.0,0.16661878871741287,0.41664324299657807,0.16661878871741287,0.0,0.0,0.25003072977006724,0.41670688759396945,0.41664324299657807,0.249986219745157,0.16661878871741287,0.41664324299657807,0.16661878871741287,0.0,0.16670078306116842,0.25003072977006724
0.41664324299657807,0.16661878871741287,0.41664324299657807,0.16661878871741287,0.41664324299657807,0.16661878871741287,0.0,0.0,0.0,0.25003072977006724,0.0,0.16661878871741287,0.0,0.16661878871741287,0.41664324299657807,0.16661878871741287,0.0,0.0,0.25003072977006724,0.0,0.16661878871741287,0.41664324299657807,0.16661878871741287,0.0,0.0,0.25003072977006724,0.41670688759396945,0.41664324299657807,0.249986219745157,0.16661878871741287,0.41664324299657807,0.16661878871741287,0.0,0.16670078306116842,0.25003072977006724
0.3333260272333547,0.4166495184874801,0.3333260272333547,0.4166495184874801,0.3333260272333547,0.4166495184874801,0.25003072977006724,0.25003072977006724,0.25003072977006724,0.0,0.25003072977006724,0.4166495184874801,0.25003072977006724,0.4166495184874801,0.3333260272333547,0.4166495184874801,0.25003072977006724,0.25003072977006724,0.0,0.25003072977006724,0.4166495184874801,0.3333260272333547,0.4166495184874801,0.25003072977006724,0.25003072977006724,0.0,0.16667615782390222,0.3333260272333547,0.49998305048477576,0.4166495184874801,0.3333260272333547,0.4166495184874801,0.25003072977006724,0.08332994670889882,0.0
0.16664986940945248,0.4166743236886177,0.16664986940945248,0.4166743236886177,0.16664986940945248,0.4166743236886177,0.41670688759396945,0.41670688759396945,0.41670688759396945,0.16667615782390222,0.41670688759396945,0.4166743236886177,0.41670688759396945,0.4166743236886177,0.16664986940945248,0.4166743236886177,0.41670688759396945,0.41670688759396945,0.16667615782390222,0.41670688759396945,0.4166743236886177,0.16664986940945248,0.4166743236886177,0.41670688759396945,0.41670688759396945,0.16667615782390222,0.0,0.16664986940945248,0.33330689266087354,0.4166743236886177,0.16664986940945248,0.4166743236886177,0.41670688759396945,0.25000610453280103,0.16667615782390222
0.0,0.2500244542791652,0.0,0.2500244542791652,0.0,0.2500244542791652,0.41664324299657807,0.41664324299657807,0.41664324299657807,0.3333260272333547,0.41664324299657807,0.2500244542791652,0.41664324299657807,0.2500244542791652,0.0,0.2500244542791652,0.41664324299657807,0.41664324299657807,0.3333260272333547,0.41664324299657807,0.2500244542791652,0.0,0.2500244542791652,0.41664324299657807,0.41664324299657807,0.3333260272333547,0.16664986940945248,0.0,0.16665702325142107,0.2500244542791652,0.0,0.2500244542791652,0.41664324299657807,0.4166559739422535,0.3333260272333547
0.16665702325142107,0.08336743102774413,0.16665702325142107,0.08336743102774413,0.16665702325142107,0.08336743102774413,0.249986219745157,0.249986219745157,0.249986219745157,0.49998305048477576,0.249986219745157,0.08336743102774413,0.249986219745157,0.08336743102774413,0.16665702325142107,0.08336743102774413,0.249986219745157,0.249986219745157,0.49998305048477576,0.249986219745157,0.08336743102774413,0.16665702325142107,0.08336743102774413,0.249986219745157,0.249986219745157,0.49998305048477576,0.33330689266087354,0.16665702325142107,0.0,0.08336743102774413,0.16665702325142107,0.08336743102774413,0.249986219745157,0.4166870028063254,0.49998305048477576
0.2500244542791652,0.0,0.2500244542791652,0.0,0.2500244542791652,0.0,0.16661878871741287,0.16661878871741287,0.16661878871741287,0.4166495184874801,0.16661878871741287,0.0,0.16661878871741287,0.0,0.2500244542791652,0.0,0.16661878871741287,0.16661878871741287,0.4166495184874801,0.16661878871741287,0.0,0.2500244542791652,0.0,0.16661878871741287,0.16661878871741287,0.4166495184874801,0.4166743236886177,0.2500244542791652,0.08336743102774413,0.0,0.2500244542791652,0.0,0.16661878871741287,0.3333195717785813,0.4166495184874801
0.0,0.2500244542791652,0.0,0.2500244542791652,0.0,0.2500244542791652,0.41664324299657807,0.41664324299657807,0.41664324299657807,0.3333260272333547,0.41664324299657807,0.2500244542791652,0.41664324299657807,0.2500244542791652,0.0,0.2500244542791652,0.41664324299657807,0.41664324299657807,0.3333260272333547,0.41664324299657807,0.2500244542791652,0.0,0.2500244542791652,0.41664324299657807,0.41664324299657807,0.3333260272333547,0.16664986940945248,0.0,0.16665702325142107,0.2500244542791652,0.0,0.2500244542791652,0.41664324299657807,0.4166559739422535,0.3333260272333547
0.2500244542791652,0.0,0.2500244542791652,0.0,0.2500244542791652,0.0,0.16661878871741287,0.16661878871741287,0.16661878871741287,0.4166495184874801,0.16661878871741287,0.0,0.16661878871741287,0.0,0.2500244542791652,0.0,0.16661878871741287,0.16661878871741287,0.4166495184874801,0.16661878871741287,0.0,0.2500244542791652,0.0,0.16661878871741287,0.16661878871741287,0.4166495184874801,0.4166743236886177,0.2500244542791652,0.08336743102774413,0.0,0.2500244542791652,0.0,0.16661878871741287,0.3333195717785813,0.4166495184874801
0.41664324299657807,0.16661878871741287,0.41664324299657807,0.16661878871741287,0.41664324299657807,0.16661878871741287,0.0,0.0,0.0,0.25003072977006724,0.0,0.16661878871741287,0.0,0.16661878871741287,0.41664324299657807,0.16661878871741287,0.0,0.0,0.25003072977006724,0.0,0.16661878871741287,0.41664324299657807,0.16661878871741287,0.0,0.0,0.25003072977006724,0.41670688759396945,0.41664324299657807,0.249986219745157,0.16661878871741287,0.41664324299657807,0.16661878871741287,0.0,0.16670078306116842,0.25003072977006724
0.4166559739422535,0.3333195717785813,0.4166559739422535,0.3333195717785813,0.4166559739422535,0.3333195717785813,0.16670078306116842,0.16670078306116842,0.16670078306116842,0.08332994670889882,0.16670078306116842,0.3333195717785813,0.16670078306116842,0.3333195717785813,0.4166559739422535,0.3333195717785813,0.16670078306116842,0.16670078306116842,0.08332994670889882,0.16670078306116842,0.3333195717785813,0.4166559739422535,0.3333195717785813,0.16670078306116842,0.16670078306116842,0.08332994670889882,0.25000610453280103,0.4166559739422535,0.4166870028063254,0.3333195717785813,0.4166559739422535,0.3333195717785813,0.16670078306116842,0.0,0.08332994670889882
0.3333260272333547,0.4166495184874801,0.3333260272333547,0.4166495184874801,0.3333260272333547,0.4166495184874801,0.25003072977006724,0.25003072977006724,0.25003072977006724,0.0,0.25003072977006724,0.4166495184874801,0.25003072977006724,0.4166495184874801,0.3333260272333547,0.4166495184874801,0.25003072977006724,0.25003072977006724,0.0,0.25003072977006724,0.4166495184874801,0.3333260272333547,0.4166495184874801,0.25003072977006724,0.25003072977006724,0.0,0.16667615782390222,0.3333260272333547,0.49998305048477576,0.4166495184874801,0.3333260272333547,0.4166495184874801,0.25003072977006724,0.08332994670889882,0.0
